0 16 1
0 28 1
480 16 0
480 20 1
480 23 1
960 20 0
960 23 0
960 20 1
960 23 1
1440 20 0
1440 23 0
1440 16 1
1920 28 0
1920 16 0
1920 32 1
1920 20 1
1920 23 1
2400 32 0
2400 20 0
2400 23 0
2400 33 1
2400 20 1
2400 23 1
2880 33 0
2880 20 0
2880 23 0
2880 16 1
2880 35 1
3360 16 0
3360 20 1
3360 23 1
3840 20 0
3840 23 0
3840 20 1
3840 23 1
4320 20 0
4320 23 0
4320 16 1
4800 35 0
4800 16 0
4800 32 1
4800 20 1
4800 23 1
5279 32 0
5279 20 0
5279 23 0
5279 28 1
5279 20 1
5279 23 1
5760 28 0
5760 20 0
5760 23 0
5760 21 1
5760 36 1
6240 21 0
6240 24 1
6240 28 1
6720 24 0
6720 28 0
6720 24 1
6720 28 1
7199 24 0
7199 28 0
7199 21 1
7680 36 0
7680 21 0
7680 35 1
7680 24 1
7680 28 1
8160 35 0
8160 24 0
8160 28 0
8160 33 1
8160 24 1
8160 28 1
8640 33 0
8640 24 0
8640 28 0
8640 21 1
8640 40 1
9120 21 0
9120 24 1
9120 28 1
9600 24 0
9600 28 0
9600 24 1
9600 28 1
10080 24 0
10080 28 0
10080 21 1
10559 40 0
10559 21 0
10559 24 1
10559 28 1
11040 24 0
11040 28 0
11040 40 1
11040 24 1
11040 28 1
11520 40 0
11520 24 0
11520 28 0
11520 14 1
11520 41 1
12000 14 0
12000 17 1
12000 21 1
12480 17 0
12480 21 0
12480 17 1
12480 21 1
12959 17 0
12959 21 0
12959 14 1
13440 41 0
13440 14 0
13440 40 1
13440 17 1
13440 21 1
13920 40 0
13920 17 0
13920 21 0
13920 38 1
13920 17 1
13920 21 1
14399 38 0
14399 17 0
14399 21 0
14399 21 1
14399 40 1
14879 21 0
14879 24 1
14879 28 1
15360 24 0
15360 28 0
15360 24 1
15360 28 1
15840 24 0
15840 28 0
15840 21 1
16320 40 0
16320 21 0
16320 38 1
16320 24 1
16320 28 1
16800 38 0
16800 24 0
16800 28 0
16800 36 1
16800 24 1
16800 28 1
17280 36 0
17280 24 0
17280 28 0
17280 16 1
17280 35 1
17759 16 0
17759 20 1
17759 23 1
18240 20 0
18240 23 0
18240 20 1
18240 23 1
18720 20 0
18720 23 0
18720 16 1
19200 35 0
19200 16 0
19200 20 1
19200 23 1
19200 36 1
19680 20 0
19680 23 0
19680 20 1
19680 23 1
19919 36 0
19919 35 1
20160 35 0
20160 20 0
20160 23 0
20160 21 1
20160 33 1
20640 21 0
20640 24 1
20640 28 1
21119 24 0
21119 28 0
21119 24 1
21119 28 1
21599 33 0
21599 24 0
21599 28 0
21599 35 1
21840 35 0
21840 36 1
22080 36 0
22080 38 1
22320 38 0
22320 40 1
22560 40 0
22560 41 1
22800 41 0
22800 43 1
23040 43 0
23040 45 1
23040 19 1
23520 45 0
23520 19 0
23520 45 1
23520 23 1
23520 26 1
24000 45 0
24000 23 0
24000 26 0
24000 45 1
24000 23 1
24000 26 1
24480 45 0
24480 23 0
24480 26 0
24480 45 1
24480 19 1
24960 45 0
24960 19 0
24960 45 1
24960 23 1
24960 26 1
25439 45 0
25439 23 0
25439 26 0
25439 45 1
25439 23 1
25439 26 1
25919 45 0
25919 23 0
25919 26 0
25919 45 1
25919 12 1
26400 45 0
26400 12 0
26400 16 1
26400 19 1
26400 43 1
26880 16 0
26880 19 0
26880 16 1
26880 19 1
27119 43 0
27119 42 1
27360 42 0
27360 16 0
27360 19 0
27360 12 1
27360 43 1
27840 12 0
27840 16 1
27840 19 1
28320 43 0
28320 16 0
28320 19 0
28320 16 1
28320 19 1
28799 16 0
28799 19 0
28799 41 1
28799 19 1
29279 41 0
29279 19 0
29279 41 1
29279 23 1
29279 26 1
29759 41 0
29759 23 0
29759 26 0
29759 41 1
29759 23 1
29759 26 1
30240 41 0
30240 23 0
30240 26 0
30240 41 1
30240 19 1
30720 41 0
30720 19 0
30720 41 1
30720 23 1
30720 26 1
31200 41 0
31200 23 0
31200 26 0
31200 41 1
31200 23 1
31200 26 1
31680 41 0
31680 23 0
31680 26 0
31680 41 1
31680 12 1
32159 41 0
32159 12 0
32159 16 1
32159 19 1
32159 40 1
32640 16 0
32640 19 0
32640 16 1
32640 19 1
32879 40 0
32879 39 1
33120 39 0
33120 16 0
33120 19 0
33120 40 1
33120 12 1
33600 40 0
33600 12 0
33600 16 1
33600 19 1
34080 16 0
34080 19 0
34080 40 1
34080 16 1
34080 19 1
34560 40 0
34560 16 0
34560 19 0
34560 38 1
34560 16 1
35040 38 0
35040 16 0
35040 38 1
35040 20 1
35040 23 1
35519 38 0
35519 20 0
35519 23 0
35519 38 1
35519 20 1
35519 23 1
36000 38 0
36000 20 0
36000 23 0
36000 38 1
36000 16 1
36480 38 0
36480 16 0
36480 38 1
36480 20 1
36480 23 1
36960 38 0
36960 20 0
36960 23 0
36960 38 1
36960 20 1
36960 23 1
37440 38 0
37440 20 0
37440 23 0
37440 38 1
37440 21 1
37920 38 0
37920 21 0
37920 24 1
37920 28 1
37920 36 1
38400 24 0
38400 28 0
38400 24 1
38400 28 1
38640 36 0
38640 35 1
38879 35 0
38879 24 0
38879 28 0
38879 33 1
38879 21 1
39360 33 0
39360 21 0
39360 24 1
39360 28 1
39839 24 0
39839 28 0
39839 45 1
39839 24 1
39839 28 1
40320 45 0
40320 24 0
40320 28 0
40320 41 1
40320 14 1
40800 41 0
40800 14 0
40800 38 1
40800 17 1
40800 21 1
41280 38 0
41280 17 0
41280 21 0
41280 35 1
41280 17 1
41280 21 1
41760 35 0
41760 17 0
41760 21 0
41760 16 1
41760 36 1
42239 16 0
42239 20 1
42239 23 1
42720 36 0
42720 20 0
42720 23 0
42720 35 1
42720 20 1
42720 23 1
43199 35 0
43199 20 0
43199 23 0
43199 21 1
43199 33 1
43680 21 0
43680 24 1
43680 28 1
44160 24 0
44160 28 0
44160 24 1
44160 28 1
44640 33 0
44640 24 0
44640 28 0
44640 21 1
44640 9 1
45120 21 0
45120 9 0
