1499 7 1
2333 7 0
2333 19 1
2333 22 1
2333 26 1
3166 19 0
3166 22 0
3166 26 0
3166 19 1
3166 22 1
3166 26 1
3999 19 0
3999 22 0
3999 26 0
3999 19 1
3999 22 1
3999 26 1
4833 19 0
4833 22 0
4833 26 0
4833 7 1
5666 7 0
5666 19 1
5666 22 1
5666 26 1
6499 19 0
6499 22 0
6499 26 0
6499 19 1
6499 22 1
6499 26 1
7333 19 0
7333 22 0
7333 26 0
7333 19 1
7333 22 1
7333 26 1
8166 19 0
8166 22 0
8166 26 0
8166 7 1
8999 19 1
8999 22 1
8999 26 1
9833 19 0
9833 22 0
9833 26 0
9833 7 0
9833 7 1
10666 19 1
10666 22 1
10666 26 1
11499 19 0
11499 22 0
11499 26 0
11499 7 0
11499 7 1
12333 19 1
12333 23 1
12333 26 1
12333 29 1
12749 11 1
12772 7 0
13166 19 0
13166 23 0
13166 26 0
13166 29 0
13166 19 1
13166 23 1
13166 26 1
13166 29 1
13166 14 1
13173 11 0
13999 19 0
13999 23 0
13999 26 0
13999 29 0
13999 17 1
13999 19 1
13999 23 1
13999 26 1
13999 29 1
14016 14 0
14416 14 1
14423 17 0
14810 14 0
14833 19 0
14833 23 0
14833 26 0
14833 29 0
14833 0 1
14833 12 1
15666 0 0
15666 12 0
15666 24 1
15666 27 1
15666 19 1
16499 24 0
16499 27 0
16499 24 1
16499 27 1
16499 31 1
16516 19 0
17333 24 0
17333 27 0
17333 19 1
17333 24 1
17333 27 1
17333 0 1
17333 12 1
17349 31 0
18124 19 0
18124 24 0
18124 27 0
18166 0 0
18166 12 0
18166 7 1
18999 22 1
18999 26 1
18999 31 1
19416 10 1
19439 7 0
19833 22 0
19833 26 0
19833 31 0
19833 22 1
19833 26 1
19833 31 1
19833 14 1
19840 10 0
20666 22 0
20666 26 0
20666 31 0
20666 10 1
20666 22 1
20666 26 1
20666 31 1
20683 14 0
21457 10 0
21499 22 0
21499 26 0
21499 31 0
21499 14 1
22333 24 1
22333 26 1
22333 18 1
22749 9 1
22772 14 0
23166 24 0
23166 26 0
23166 2 1
23166 24 1
23166 26 1
23166 30 1
23173 9 0
23183 18 0
23957 2 0
23999 24 0
23999 26 0
23999 18 1
23999 24 1
23999 26 1
23999 14 1
24016 30 0
24790 18 0
24790 24 0
24790 26 0
24833 14 0
24833 7 1
25666 19 1
25666 22 1
25666 26 1
26083 2 1
26105 7 0
26477 2 0
26499 19 0
26499 22 0
26499 26 0
26499 19 1
26499 22 1
26499 26 1
26499 7 1
26916 19 0
26916 22 0
26916 26 0
26916 7 0
28166 7 1
28999 7 0
28999 19 1
28999 22 1
28999 26 1
29833 19 0
29833 22 0
29833 26 0
29833 19 1
29833 22 1
29833 26 1
30666 19 0
30666 22 0
30666 26 0
30666 19 1
30666 22 1
30666 26 1
31499 19 0
31499 22 0
31499 26 0
31499 7 1
32333 7 0
32333 19 1
32333 22 1
32333 26 1
33166 19 0
33166 22 0
33166 26 0
33166 19 1
33166 22 1
33166 26 1
33999 19 0
33999 22 0
33999 26 0
33999 19 1
33999 22 1
33999 26 1
34833 19 0
34833 22 0
34833 26 0
34833 7 1
35666 19 1
35666 22 1
35666 26 1
36499 19 0
36499 22 0
36499 26 0
36499 7 0
36499 7 1
37333 19 1
37333 22 1
37333 26 1
38166 19 0
38166 22 0
38166 26 0
38166 7 0
38166 7 1
38999 19 1
38999 23 1
38999 26 1
38999 29 1
39416 11 1
39439 7 0
39833 19 0
39833 23 0
39833 26 0
39833 29 0
39833 19 1
39833 23 1
39833 26 1
39833 29 1
39833 14 1
39840 11 0
40666 19 0
40666 23 0
40666 26 0
40666 29 0
40666 17 1
40666 19 1
40666 23 1
40666 26 1
40666 29 1
40683 14 0
41083 14 1
41090 17 0
41477 14 0
41499 19 0
41499 23 0
41499 26 0
41499 29 0
41499 0 1
41499 12 1
42333 0 0
42333 12 0
42333 24 1
42333 27 1
42333 19 1
43166 24 0
43166 27 0
43166 24 1
43166 27 1
43166 31 1
43183 19 0
43999 24 0
43999 27 0
43999 19 1
43999 24 1
43999 27 1
43999 0 1
43999 12 1
44016 31 0
44790 19 0
44790 24 0
44790 27 0
44833 0 0
44833 12 0
44833 7 1
45666 22 1
45666 26 1
45666 31 1
46083 10 1
46105 7 0
46499 22 0
46499 26 0
46499 31 0
46499 22 1
46499 26 1
46499 31 1
46499 14 1
46506 10 0
47333 22 0
47333 26 0
47333 31 0
47333 10 1
47333 22 1
47333 26 1
47333 31 1
47349 14 0
48124 10 0
48166 22 0
48166 26 0
48166 31 0
48166 14 1
48999 24 1
48999 26 1
48999 18 1
49416 9 1
49439 14 0
49833 24 0
49833 26 0
49833 2 1
49833 24 1
49833 26 1
49833 30 1
49840 9 0
49849 18 0
50624 2 0
50666 24 0
50666 26 0
50666 18 1
50666 24 1
50666 26 1
50666 14 1
50683 30 0
51457 18 0
51457 24 0
51457 26 0
51499 14 0
51499 7 1
52333 19 1
52333 22 1
52333 26 1
52749 2 1
52772 7 0
53144 2 0
53166 19 0
53166 22 0
53166 26 0
53166 19 1
53166 22 1
53166 26 1
53166 7 1
53583 19 0
53583 22 0
53583 26 0
53583 7 0
54833 7 1
55666 7 0
55666 19 1
55666 22 1
55666 26 1
56499 19 0
56499 22 0
56499 26 0
56499 19 1
56499 22 1
56499 26 1
57333 19 0
57333 22 0
57333 26 0
57333 19 1
57333 22 1
57333 26 1
58166 19 0
58166 22 0
58166 26 0
58166 7 1
58999 7 0
58999 19 1
58999 22 1
58999 26 1
59833 19 0
59833 22 0
59833 26 0
59833 19 1
59833 22 1
59833 26 1
60666 19 0
60666 22 0
60666 26 0
60666 19 1
60666 22 1
60666 26 1
61499 19 0
61499 22 0
61499 26 0
61499 7 1
62333 19 1
62333 22 1
62333 26 1
63166 19 0
63166 22 0
63166 26 0
63166 7 0
63166 7 1
63999 19 1
63999 22 1
63999 26 1
64833 19 0
64833 22 0
64833 26 0
64833 7 0
64833 7 1
65666 19 1
65666 23 1
65666 26 1
65666 29 1
66083 11 1
66105 7 0
66499 19 0
66499 23 0
66499 26 0
66499 29 0
66499 19 1
66499 23 1
66499 26 1
66499 29 1
66499 14 1
66506 11 0
67333 19 0
67333 23 0
67333 26 0
67333 29 0
67333 17 1
67333 19 1
67333 23 1
67333 26 1
67333 29 1
67349 14 0
67749 14 1
67756 17 0
68144 14 0
68166 19 0
68166 23 0
68166 26 0
68166 29 0
68166 0 1
68166 12 1
68999 0 0
68999 12 0
68999 24 1
68999 27 1
68999 19 1
69833 24 0
69833 27 0
69833 24 1
69833 27 1
69833 31 1
69849 19 0
70666 24 0
70666 27 0
70666 19 1
70666 24 1
70666 27 1
70666 0 1
70666 12 1
70683 31 0
71457 19 0
71457 24 0
71457 27 0
71499 0 0
71499 12 0
71499 7 1
72333 22 1
72333 26 1
72333 31 1
72749 10 1
72772 7 0
73166 22 0
73166 26 0
73166 31 0
73166 22 1
73166 26 1
73166 31 1
73166 14 1
73173 10 0
73999 22 0
73999 26 0
73999 31 0
73999 10 1
73999 22 1
73999 26 1
73999 31 1
74016 14 0
74790 10 0
74833 22 0
74833 26 0
74833 31 0
74833 14 1
75666 24 1
75666 26 1
75666 18 1
76083 9 1
76105 14 0
76499 24 0
76499 26 0
76499 2 1
76499 24 1
76499 26 1
76499 30 1
76506 9 0
76516 18 0
77290 2 0
77333 24 0
77333 26 0
77333 18 1
77333 24 1
77333 26 1
77333 14 1
77349 30 0
78124 18 0
78124 24 0
78124 26 0
78166 14 0
78166 7 1
78999 19 1
78999 22 1
78999 26 1
79416 2 1
79439 7 0
79810 2 0
79833 19 0
79833 22 0
79833 26 0
79833 19 1
79833 22 1
79833 26 1
79833 7 1
80249 19 0
80249 22 0
80249 26 0
80249 7 0
81499 7 1
82333 7 0
82333 19 1
82333 22 1
82333 26 1
83166 19 0
83166 22 0
83166 26 0
83166 19 1
83166 22 1
83166 26 1
83999 19 0
83999 22 0
83999 26 0
83999 19 1
83999 22 1
83999 26 1
84833 19 0
84833 22 0
84833 26 0
84833 7 1
85666 7 0
85666 19 1
85666 22 1
85666 26 1
86499 19 0
86499 22 0
86499 26 0
86499 19 1
86499 22 1
86499 26 1
87333 19 0
87333 22 0
87333 26 0
87333 19 1
87333 22 1
87333 26 1
88166 19 0
88166 22 0
88166 26 0
88166 7 1
88999 19 1
88999 22 1
88999 26 1
89833 19 0
89833 22 0
89833 26 0
89833 7 0
89833 7 1
90666 19 1
90666 22 1
90666 26 1
91499 19 0
91499 22 0
91499 26 0
91499 7 0
91499 7 1
92333 19 1
92333 23 1
92333 26 1
92333 29 1
92749 11 1
92772 7 0
93166 19 0
93166 23 0
93166 26 0
93166 29 0
93166 19 1
93166 23 1
93166 26 1
93166 29 1
93166 14 1
93173 11 0
93999 19 0
93999 23 0
93999 26 0
93999 29 0
93999 17 1
93999 19 1
93999 23 1
93999 26 1
93999 29 1
94016 14 0
94416 14 1
94423 17 0
94810 14 0
94833 19 0
94833 23 0
94833 26 0
94833 29 0
94833 0 1
94833 12 1
95666 0 0
95666 12 0
95666 24 1
95666 27 1
95666 19 1
96499 24 0
96499 27 0
96499 24 1
96499 27 1
96499 31 1
96516 19 0
97333 24 0
97333 27 0
97333 19 1
97333 24 1
97333 27 1
97333 0 1
97333 12 1
97349 31 0
98124 19 0
98124 24 0
98124 27 0
98166 0 0
98166 12 0
98166 7 1
98999 22 1
98999 26 1
98999 31 1
99416 10 1
99439 7 0
99833 22 0
99833 26 0
99833 31 0
99833 22 1
99833 26 1
99833 31 1
99833 14 1
99840 10 0
100666 22 0
100666 26 0
100666 31 0
100666 10 1
100666 22 1
100666 26 1
100666 31 1
100683 14 0
101457 10 0
101499 22 0
101499 26 0
101499 31 0
101499 14 1
102333 24 1
102333 26 1
102333 18 1
102749 9 1
102772 14 0
103166 24 0
103166 26 0
103166 2 1
103166 24 1
103166 26 1
103166 30 1
103173 9 0
103183 18 0
103957 2 0
103999 24 0
103999 26 0
103999 18 1
103999 24 1
103999 26 1
103999 14 1
104016 30 0
104790 18 0
104790 24 0
104790 26 0
104833 14 0
104833 7 1
105666 19 1
105666 22 1
105666 26 1
106083 2 1
106105 7 0
106477 2 0
106499 19 0
106499 22 0
106499 26 0
106499 19 1
106499 22 1
106499 26 1
106499 7 1
106916 19 0
106916 22 0
106916 26 0
106916 7 0
