250 26 1
666 26 0
666 31 1
1083 31 0
1083 33 1
1499 33 0
1499 34 1
1916 34 0
1916 31 1
3583 31 0
3583 26 1
3999 26 0
3999 31 1
4416 31 0
4416 33 1
4833 33 0
4833 34 1
5249 34 0
5249 31 1
6916 31 0
6916 26 1
7333 26 0
7333 31 1
7749 31 0
7749 33 1
8166 33 0
8166 34 1
8999 34 0
8999 33 1
9416 33 0
9416 31 1
9833 31 0
9833 34 1
10666 34 0
10666 33 1
11083 33 0
11083 31 1
11499 31 0
11499 38 1
12333 38 0
12333 38 1
13166 38 0
13166 38 1
13583 38 0
13583 38 1
13999 38 0
13999 36 1
14416 36 0
14416 38 1
14833 38 0
14833 39 1
15249 39 0
15249 39 1
16916 39 0
16916 39 1
17333 39 0
17333 38 1
17749 38 0
17749 36 1
18166 36 0
18166 39 1
18583 39 0
18583 38 1
19833 38 0
20249 38 1
20666 38 0
20666 36 1
21083 36 0
21083 34 1
21499 34 0
21499 33 1
22333 33 0
22333 38 1
23166 38 0
23166 33 1
23999 33 0
23999 34 1
24833 34 0
24833 31 1
26916 31 0
26916 26 1
27333 26 0
27333 31 1
27749 31 0
27749 33 1
28166 33 0
28166 34 1
28583 34 0
28583 31 1
30249 31 0
30249 26 1
30666 26 0
30666 31 1
31083 31 0
31083 33 1
31499 33 0
31499 34 1
31916 34 0
31916 31 1
33583 31 0
33583 26 1
33999 26 0
33999 31 1
34416 31 0
34416 33 1
34833 33 0
34833 34 1
35666 34 0
35666 33 1
36083 33 0
36083 31 1
36499 31 0
36499 34 1
37333 34 0
37333 33 1
37749 33 0
37749 31 1
38166 31 0
38166 38 1
38999 38 0
38999 38 1
39833 38 0
39833 38 1
40249 38 0
40249 38 1
40666 38 0
40666 36 1
41083 36 0
41083 38 1
41499 38 0
41499 39 1
41916 39 0
41916 39 1
43583 39 0
43583 39 1
43999 39 0
43999 38 1
44416 38 0
44416 36 1
44833 36 0
44833 39 1
45249 39 0
45249 38 1
46499 38 0
46916 38 1
47333 38 0
47333 36 1
47749 36 0
47749 34 1
48166 34 0
48166 33 1
48999 33 0
48999 38 1
49833 38 0
49833 33 1
50666 33 0
50666 34 1
51499 34 0
51499 31 1
53583 31 0
53583 26 1
53999 26 0
53999 31 1
54416 31 0
54416 33 1
54833 33 0
54833 34 1
55249 34 0
55249 31 1
56916 31 0
56916 26 1
57333 26 0
57333 31 1
57749 31 0
57749 33 1
58166 33 0
58166 34 1
58583 34 0
58583 31 1
60249 31 0
60249 26 1
60666 26 0
60666 31 1
61083 31 0
61083 33 1
61499 33 0
61499 34 1
62333 34 0
62333 33 1
62749 33 0
62749 31 1
63166 31 0
63166 34 1
63999 34 0
63999 33 1
64416 33 0
64416 31 1
64833 31 0
64833 38 1
65666 38 0
65666 38 1
66499 38 0
66499 38 1
66916 38 0
66916 38 1
67333 38 0
67333 36 1
67749 36 0
67749 38 1
68166 38 0
68166 39 1
68583 39 0
68583 39 1
70249 39 0
70249 39 1
70666 39 0
70666 38 1
71083 38 0
71083 36 1
71499 36 0
71499 39 1
71916 39 0
71916 38 1
73166 38 0
73583 38 1
73999 38 0
73999 36 1
74416 36 0
74416 34 1
74833 34 0
74833 33 1
75666 33 0
75666 38 1
76499 38 0
76499 33 1
77333 33 0
77333 34 1
78166 34 0
78166 31 1
80249 31 0
80249 26 1
80666 26 0
80666 31 1
81083 31 0
81083 33 1
81499 33 0
81499 34 1
81916 34 0
81916 31 1
83583 31 0
83583 26 1
83999 26 0
83999 31 1
84416 31 0
84416 33 1
84833 33 0
84833 34 1
85249 34 0
85249 31 1
86916 31 0
86916 26 1
87333 26 0
87333 31 1
87749 31 0
87749 33 1
88166 33 0
88166 34 1
88999 34 0
88999 33 1
89416 33 0
89416 31 1
89833 31 0
89833 34 1
90666 34 0
90666 33 1
91083 33 0
91083 31 1
91499 31 0
91499 38 1
92333 38 0
92333 38 1
93166 38 0
93166 38 1
93583 38 0
93583 38 1
93999 38 0
93999 36 1
94416 36 0
94416 38 1
94833 38 0
94833 39 1
95249 39 0
95249 39 1
96916 39 0
96916 39 1
97333 39 0
97333 38 1
97749 38 0
97749 36 1
98166 36 0
98166 39 1
98583 39 0
98583 38 1
99833 38 0
100249 38 1
100666 38 0
100666 36 1
101083 36 0
101083 34 1
101499 34 0
101499 33 1
102333 33 0
102333 38 1
103166 38 0
103166 33 1
103999 33 0
103999 34 1
104833 34 0
104833 31 1
106916 31 0
