33 40 1
33 40 1
225 40 0
225 40 0
237 39 1
237 39 1
433 39 0
433 40 1
433 39 0
433 40 1
625 40 0
625 40 0
633 39 1
637 39 1
825 39 0
833 39 0
833 40 1
837 40 1
1025 40 0
1033 40 0
1033 35 1
1033 35 1
1225 35 0
1225 35 0
1237 38 1
1237 38 1
1433 38 0
1433 38 0
1437 36 1
1437 36 1
1633 36 0
1633 9 1
1633 36 0
1633 33 1
1637 33 1
1637 9 1
1825 9 0
1833 9 0
1833 16 1
1837 16 1
2025 33 0
2025 16 0
2033 33 0
2033 16 0
2033 21 1
2037 21 1
2225 21 0
2233 21 0
2233 24 1
2237 24 1
2425 24 0
2433 24 0
2437 28 1
2437 28 1
2633 28 0
2633 33 1
2633 28 0
2637 33 1
2825 33 0
2833 35 1
2833 4 1
2833 33 0
2833 35 1
2837 4 1
3025 4 0
3033 4 0
3033 16 1
3037 16 1
3225 35 0
3225 35 0
3225 16 0
3233 16 0
3233 20 1
3237 20 1
3425 20 0
3433 28 1
3433 20 0
3437 28 1
3625 28 0
3633 32 1
3633 28 0
3637 32 1
3824 32 0
3833 32 0
3833 35 1
3837 35 1
4025 35 0
4033 35 0
4033 36 1
4033 36 1
4037 9 1
4037 9 1
4233 9 0
4233 9 0
4237 16 1
4237 16 1
4425 36 0
4425 36 0
4433 16 0
4433 16 0
4437 21 1
4437 21 1
4633 28 1
4633 21 0
4633 28 1
4633 21 0
4825 28 0
4825 28 0
4833 40 1
4833 40 1
5025 40 0
5025 40 0
5033 39 1
5037 39 1
5225 39 0
5233 39 0
5233 40 1
5237 40 1
5425 40 0
5433 40 0
5437 39 1
5437 39 1
5633 39 0
5633 39 0
5633 40 1
5637 40 1
5825 40 0
5833 40 0
5833 35 1
5833 35 1
6025 35 0
6025 35 0
6037 38 1
6037 38 1
6233 38 0
6233 36 1
6233 38 0
6233 36 1
6425 36 0
6425 36 0
6433 33 1
6433 9 1
6433 33 1
6437 9 1
6625 9 0
6633 9 0
6633 16 1
6637 16 1
6825 33 0
6825 33 0
6825 16 0
6833 16 0
6833 21 1
6833 21 1
7024 21 0
7024 21 0
7037 24 1
7037 24 1
7233 24 0
7233 24 0
7233 28 1
7237 28 1
7425 28 0
7433 28 0
7437 33 1
7437 33 1
7633 33 0
7633 35 1
7633 4 1
7633 33 0
7633 35 1
7637 4 1
7825 4 0
7833 4 0
7837 16 1
7837 16 1
8033 16 0
8033 16 0
8033 20 1
8037 20 1
8225 35 0
8225 35 0
8225 20 0
8233 20 0
8233 26 1
8237 26 1
8437 36 1
8437 36 1
8633 36 0
8633 36 0
8633 35 1
8637 35 1
8825 26 0
8825 35 0
8833 26 0
8833 35 0
8833 33 1
8833 24 1
8833 9 1
8833 33 1
8837 24 1
8837 9 1
9025 9 0
9033 16 1
9033 9 0
9033 16 1
9225 33 0
9225 24 0
9225 16 0
9225 33 0
9225 16 0
9233 21 1
9233 24 0
9233 21 1
9425 21 0
9425 21 0
9637 40 1
9637 40 1
9836 40 0
9836 40 0
9836 39 1
9840 39 1
10041 39 0
10050 39 0
10054 40 1
10054 40 1
10267 40 0
10267 40 0
10267 39 1
10272 39 1
10476 39 0
10485 39 0
10485 40 1
10489 40 1
10693 40 0
10702 35 1
10702 40 0
10706 35 1
10898 35 0
10906 38 1
10906 35 0
10906 38 1
11098 38 0
11098 38 0
11106 36 1
11110 36 1
11298 36 0
11306 36 0
11306 33 1
11306 33 1
11306 9 1
11310 9 1
11498 9 0
11506 9 0
11510 16 1
11510 16 1
11698 33 0
11698 33 0
11706 16 0
11706 21 1
11706 16 0
11710 21 1
11898 21 0
11906 24 1
11906 21 0
11910 24 1
12098 24 0
12106 24 0
12106 28 1
12106 28 1
12298 28 0
12298 28 0
12306 33 1
12310 33 1
12498 33 0
12506 33 0
12506 4 1
12510 35 1
12510 4 1
12510 35 1
12698 4 0
12706 4 0
12706 16 1
12706 16 1
12898 16 0
12898 16 0
12906 35 0
12906 20 1
12906 35 0
12906 20 1
13098 20 0
13098 20 0
13106 28 1
13110 28 1
13298 28 0
13306 28 0
13306 32 1
13310 32 1
13498 32 0
13506 32 0
13510 35 1
13510 35 1
13706 35 0
13706 9 1
13706 35 0
13706 9 1
13710 36 1
13710 36 1
13898 9 0
13898 9 0
13910 16 1
13910 16 1
14106 36 0
14106 16 0
14106 21 1
14106 36 0
14106 16 0
14110 21 1
14298 21 0
14306 28 1
14306 21 0
14310 28 1
14498 28 0
14506 28 0
14506 40 1
14506 40 1
14698 40 0
14698 40 0
14706 39 1
14710 39 1
14898 39 0
14906 39 0
14910 40 1
14910 40 1
15106 40 0
15106 40 0
15110 39 1
15110 39 1
15306 39 0
15306 40 1
15306 39 0
15306 40 1
15498 40 0
15498 40 0
15506 35 1
15510 35 1
15698 35 0
15706 35 0
15706 38 1
15706 38 1
15898 38 0
15898 38 0
15906 36 1
15910 36 1
16098 36 0
16106 36 0
16106 33 1
16106 9 1
16110 33 1
16110 9 1
16298 9 0
16306 9 0
16306 16 1
16306 16 1
16498 16 0
16498 33 0
16498 16 0
16506 33 0
16506 21 1
16506 21 1
16698 21 0
16698 21 0
16706 24 1
16706 24 1
16898 24 0
16898 24 0
16906 28 1
16910 28 1
17098 28 0
17106 33 1
17106 28 0
17106 33 1
17298 33 0
17298 33 0
17306 4 1
17306 35 1
17310 35 1
17310 4 1
17498 4 0
17506 4 0
17510 16 1
17510 16 1
17698 35 0
17706 35 0
17706 16 0
17706 16 0
17706 20 1
17710 20 1
17898 20 0
17906 20 0
17906 26 1
17910 26 1
18106 36 1
18106 36 1
18298 36 0
18298 36 0
18306 35 1
18306 35 1
18498 35 0
18498 26 0
18498 35 0
18506 26 0
18506 33 1
18506 24 1
18506 33 1
18510 24 1
18510 9 1
18510 9 1
18706 9 0
18706 9 0
18710 16 1
18710 16 1
18898 33 0
18898 24 0
18898 33 0
18906 24 0
18906 16 0
18906 16 0
18906 21 1
18910 21 1
19098 21 0
19106 21 0
19106 35 1
19110 35 1
19298 35 0
19306 35 0
19306 36 1
19306 36 1
19498 36 0
19498 36 0
19506 38 1
19510 38 1
19698 38 0
19706 38 0
19706 40 1
19706 12 1
19710 12 1
19710 40 1
19898 12 0
19906 12 0
19906 19 1
19910 19 1
20098 19 0
20106 19 0
20110 24 1
20110 24 1
20298 40 0
20306 31 1
20306 24 0
20306 40 0
20306 24 0
20310 31 1
20498 31 0
20506 41 1
20506 31 0
20510 41 1
20698 41 0
20706 40 1
20706 41 0
20706 40 1
20898 40 0
20898 40 0
20910 38 1
20910 7 1
20910 38 1
20910 7 1
21106 7 0
21106 19 1
21106 7 0
21106 19 1
21298 19 0
21298 19 0
21310 23 1
21310 23 1
21506 38 0
21506 23 0
21506 38 0
21506 29 1
21506 23 0
21510 29 1
21698 29 0
21706 29 0
21706 40 1
21710 40 1
21898 40 0
21906 40 0
21906 38 1
21910 38 1
22098 38 0
22106 38 0
22106 36 1
22106 9 1
22110 36 1
22110 9 1
22298 9 0
22306 9 0
22310 16 1
22310 16 1
22506 16 0
22506 21 1
22506 16 0
22506 21 1
22698 36 0
22698 21 0
22698 21 0
22706 28 1
22706 36 0
22706 28 1
22898 28 0
22898 28 0
22906 38 1
22910 38 1
23098 38 0
23106 38 0
23106 36 1
23110 36 1
23298 36 0
23306 36 0
23306 35 1
23306 4 1
23306 35 1
23306 4 1
23498 35 0
23498 4 0
23498 35 0
23498 4 0
23506 16 1
23510 16 1
23698 16 0
23706 16 0
23710 28 1
23710 28 1
23906 28 0
23906 28 0
23910 28 1
23910 28 1
24106 28 0
24106 28 0
24110 40 1
24110 40 1
24306 40 0
24306 40 0
24310 28 1
24310 28 1
24506 28 0
24506 28 0
24506 40 1
24510 40 1
24698 40 0
24706 40 0
24710 40 1
24710 40 1
24906 40 0
24906 40 0
24910 52 1
24910 52 1
25106 52 0
25106 52 0
25106 39 1
25110 39 1
25298 39 0
25306 39 0
25306 40 1
25310 40 1
25498 40 0
25506 39 1
25506 39 1
25506 40 0
25698 39 0
25698 39 0
25706 40 1
25710 40 1
25898 40 0
25906 40 0
25906 39 1
25910 39 1
26098 39 0
26106 39 0
26106 40 1
26110 40 1
26298 40 0
26306 39 1
26306 39 1
26306 40 0
26498 39 0
26498 39 0
26510 40 1
26510 40 1
26707 40 0
26707 40 0
26711 39 1
26711 39 1
26913 39 0
26913 40 1
26913 39 0
26917 40 1
27113 40 0
27121 39 1
27121 40 0
27126 39 1
27326 39 0
27335 39 0
27335 40 1
27340 40 1
27556 40 0
27566 40 0
27571 35 1
27571 35 1
27801 35 0
27801 35 0
27801 38 1
27805 38 1
28025 38 0
28035 38 0
28035 36 1
28035 36 1
28260 36 0
28260 36 0
28269 33 1
28269 9 1
28274 9 1
28274 33 1
28483 9 0
28492 9 0
28492 16 1
28497 16 1
28696 33 0
28696 16 0
28704 21 1
28704 33 0
28704 16 0
28709 21 1
28904 21 0
28913 24 1
28913 24 1
28913 21 0
29107 24 0
29107 24 0
29116 28 1
29116 28 1
29307 28 0
29307 28 0
29316 33 1
29316 33 1
29507 33 0
29507 33 0
29516 4 1
29516 4 1
29520 35 1
29520 35 1
29707 4 0
29707 4 0
29716 16 1
29716 16 1
29907 16 0
29907 16 0
29916 35 0
29916 20 1
29916 35 0
29916 20 1
30107 20 0
30107 20 0
30120 28 1
30120 28 1
30316 28 0
30316 32 1
30316 28 0
30316 32 1
30507 32 0
30507 32 0
30516 35 1
30520 35 1
30707 35 0
30716 35 0
30716 9 1
30720 36 1
30720 36 1
30720 9 1
30907 9 0
30916 16 1
30916 9 0
30920 16 1
31107 16 0
31116 36 0
31116 21 1
31116 36 0
31116 16 0
31120 21 1
31307 21 0
31316 28 1
31316 21 0
31320 28 1
31507 28 0
31516 28 0
31516 40 1
31516 40 1
31707 40 0
31707 40 0
31720 39 1
31720 39 1
31916 39 0
31916 39 0
31916 40 1
31920 40 1
32107 40 0
32116 40 0
32116 39 1
32120 39 1
32307 39 0
32316 39 0
32316 40 1
32320 40 1
32507 40 0
32516 40 0
32516 35 1
32516 35 1
32707 35 0
32707 35 0
32716 38 1
32720 38 1
32907 38 0
32916 38 0
32920 36 1
32920 36 1
33116 36 0
33116 36 0
33116 9 1
33120 33 1
33120 9 1
33120 33 1
33307 9 0
33316 9 0
33320 16 1
33320 16 1
33516 33 0
33516 16 0
33516 21 1
33516 33 0
33516 16 0
33520 21 1
33707 21 0
33716 24 1
33716 21 0
33720 24 1
33907 24 0
33916 28 1
33916 24 0
33920 28 1
34107 28 0
34116 28 0
34116 33 1
34120 33 1
34307 33 0
34316 33 0
34316 35 1
34316 4 1
34316 35 1
34320 4 1
34507 4 0
34516 16 1
34516 4 0
34520 16 1
34707 35 0
34707 16 0
34707 35 0
34716 16 0
34720 20 1
34720 20 1
34916 26 1
34916 20 0
34916 20 0
34920 26 1
35116 36 1
35116 36 1
35307 36 0
35307 36 0
35320 35 1
35320 35 1
35507 26 0
35516 35 0
35516 9 1
35516 26 0
35516 35 0
35516 24 1
35516 9 1
35520 33 1
35520 24 1
35520 33 1
35707 9 0
35707 9 0
35716 16 1
35716 16 1
35907 16 0
35907 24 0
35907 16 0
35916 33 0
35916 24 0
35916 33 0
35916 21 1
35920 21 1
36107 21 0
36116 35 1
36116 21 0
36116 35 1
36307 35 0
36307 35 0
36316 36 1
36316 36 1
36507 36 0
36507 36 0
36516 38 1
36516 38 1
36707 38 0
36707 38 0
36716 40 1
36716 40 1
36720 12 1
36720 12 1
36916 12 0
36916 19 1
36916 12 0
36916 19 1
37107 19 0
37107 19 0
37116 24 1
37120 24 1
37307 40 0
37307 40 0
37307 24 0
37316 31 1
37316 24 0
37316 31 1
37507 31 0
37507 31 0
37516 41 1
37520 41 1
37707 41 0
37716 41 0
37720 40 1
37720 40 1
37916 40 0
37916 38 1
37916 40 0
37916 7 1
37920 7 1
37920 38 1
38107 7 0
38116 7 0
38120 19 1
38120 19 1
38316 19 0
38316 23 1
38316 19 0
38320 23 1
38507 38 0
38507 23 0
38516 38 0
38516 29 1
38516 23 0
38520 29 1
38707 29 0
38716 29 0
38720 40 1
38720 40 1
38916 40 0
38916 40 0
38920 38 1
38920 38 1
39116 38 0
39116 36 1
39116 38 0
39116 9 1
39120 9 1
39120 36 1
39307 9 0
39316 9 0
39316 16 1
39320 16 1
39507 16 0
39516 16 0
39516 21 1
39520 21 1
39707 36 0
39707 21 0
39716 21 0
39716 36 0
39720 28 1
39720 28 1
39916 28 0
39916 38 1
39916 28 0
39920 38 1
40107 38 0
40116 36 1
40116 38 0
40116 36 1
40307 36 0
40307 36 0
40316 35 1
40320 35 1
40320 4 1
40320 4 1
40516 4 0
40516 4 0
40516 16 1
40520 16 1
40607 35 0
40616 35 0
40707 16 0
40716 16 0
40720 28 1
40720 28 1
40916 28 0
40916 28 1
40916 28 0
40920 28 1
41007 28 0
41016 28 0
41116 40 1
41120 40 1
41307 40 0
41316 40 0
41320 28 1
41320 28 1
41516 28 0
41516 40 1
41516 28 0
41516 40 1
41707 40 0
41707 40 0
41716 40 1
41720 40 1
41807 40 0
41816 40 0
41920 52 1
41920 52 1
42016 52 0
42016 52 0
42116 39 1
42120 39 1
42307 39 0
42316 39 0
42316 40 1
42320 40 1
42507 40 0
42516 39 1
42516 40 0
42516 39 1
42607 39 0
42607 39 0
42716 40 1
42720 40 1
42907 40 0
42916 39 1
42916 40 0
42916 39 1
43107 39 0
43107 39 0
43116 40 1
43120 40 1
43307 40 0
43316 39 1
43316 40 0
43316 39 1
43409 39 0
43409 39 0
43522 40 1
43526 40 1
43722 40 0
43730 40 0
43730 39 1
43735 39 1
43827 39 0
43836 39 0
43949 40 1
43949 40 1
44163 40 0
44163 39 1
44163 40 0
44163 39 1
44380 39 0
44380 39 0
44389 40 1
44394 40 1
44613 40 0
44623 40 0
44623 35 1
44628 35 1
44857 35 0
44867 38 1
44867 35 0
44867 38 1
45103 38 0
45103 38 0
45113 36 1
45118 36 1
45226 36 0
45236 36 0
45357 33 1
45362 9 1
45362 33 1
45362 9 1
45592 9 0
45592 16 1
45592 9 0
45597 16 1
45697 33 0
45706 33 0
45809 16 0
45818 16 0
45818 21 1
45823 21 1
46028 21 0
46037 24 1
46037 21 0
46041 24 1
46237 24 0
46246 24 0
46250 28 1
46250 28 1
46448 28 0
46448 33 1
46448 28 0
46452 33 1
46639 33 0
46648 35 1
46648 4 1
46648 33 0
46648 35 1
46648 4 1
46839 4 0
46839 4 0
46852 16 1
46852 16 1
47039 35 0
47039 35 0
47048 16 0
47048 20 1
47048 16 0
47052 20 1
47239 20 0
47248 28 1
47248 20 0
47252 28 1
47439 28 0
47448 32 1
47448 28 0
47452 32 1
47639 32 0
47648 32 0
47648 35 1
47652 35 1
47839 35 0
47848 35 0
47848 36 1
47852 36 1
47852 9 1
47852 9 1
48048 9 0
48048 16 1
48048 9 0
48052 16 1
48239 16 0
48239 36 0
48248 36 0
48248 16 0
48248 21 1
48252 21 1
48439 21 0
48448 21 0
48448 28 1
48452 28 1
48539 28 0
48548 28 0
48652 40 1
48652 40 1
48848 40 0
48848 40 0
48852 39 1
48852 39 1
49048 39 0
49048 40 1
49048 39 0
49048 40 1
49239 40 0
49239 40 0
49248 39 1
49248 39 1
49439 39 0
49439 39 0
49448 40 1
49452 40 1
49639 40 0
49648 40 0
49648 35 1
49652 35 1
49839 35 0
49848 35 0
49848 38 1
49852 38 1
50039 38 0
50048 38 0
50048 36 1
50052 36 1
50239 36 0
50248 33 1
50248 9 1
50248 36 0
50248 33 1
50248 9 1
50439 9 0
50439 9 0
50448 16 1
50448 16 1
50539 33 0
50539 33 0
50639 16 0
50639 16 0
50652 21 1
50652 21 1
50848 21 0
50848 24 1
50848 21 0
50852 24 1
51039 24 0
51048 24 0
51048 28 1
51048 28 1
51239 28 0
51239 28 0
51248 33 1
51252 33 1
51439 33 0
51448 35 1
51448 4 1
51448 33 0
51448 4 1
51452 35 1
51639 4 0
51639 4 0
51648 16 1
51652 16 1
51839 35 0
51839 16 0
51848 16 0
51848 35 0
51848 20 1
51852 20 1
52039 20 0
52048 20 0
52052 26 1
52052 26 1
52248 26 0
52248 26 0
52248 36 1
52252 36 1
52439 36 0
52448 36 0
52448 35 1
52452 35 1
52539 35 0
52548 35 0
52648 33 1
52648 9 1
52648 24 1
52648 9 1
52652 24 1
52652 33 1
52839 9 0
52839 9 0
52848 16 1
52852 16 1
52939 33 0
52939 24 0
52948 24 0
52948 33 0
53039 16 0
53048 21 1
53048 16 0
53048 21 1
53239 21 0
53239 21 0
53248 24 1
53252 36 1
53252 28 1
53252 22 1
53252 36 1
53252 28 1
53252 22 1
53252 24 1
53348 36 0
53348 28 0
53348 36 0
53348 28 0
53440 24 0
53449 29 1
53449 22 0
53449 29 1
53449 36 1
53449 22 0
53449 24 0
53453 36 1
53453 21 1
53453 24 1
53453 21 1
53453 24 1
53543 29 0
53543 29 0
53543 36 0
53551 36 0
53656 36 1
53656 21 0
53656 24 0
53656 24 1
53656 31 1
53656 21 0
53656 24 0
53660 28 1
53660 31 1
53660 19 1
53660 22 1
53660 36 1
53660 28 1
53660 22 1
53660 19 1
53660 24 1
53751 36 0
53751 31 0
53760 28 0
53760 31 0
53760 36 0
53760 28 0
53856 24 0
53865 36 1
53865 19 0
53865 22 0
53865 17 1
53865 22 0
53865 19 0
53865 24 0
53865 17 1
53870 36 1
54077 17 0
54077 17 0
54086 21 1
54086 21 1
54309 21 0
54309 21 0
54319 24 1
54319 24 1
54543 24 0
54543 24 0
54558 21 1
54558 21 1
54663 36 0
54673 36 0
54794 21 0
54794 41 1
54794 21 0
54799 41 1
54799 24 1
54799 24 1
55036 24 0
55036 24 0
55041 21 1
55041 21 1
55147 41 0
55157 41 0
55162 40 1
55162 40 1
55278 40 0
55278 21 0
55278 40 0
55278 40 1
55278 21 0
55278 17 1
55283 40 1
55283 17 1
55506 17 0
55516 17 0
55516 22 1
55521 22 1
55740 40 0
55740 22 0
55750 40 0
55750 38 1
55750 22 0
55750 38 1
55750 26 1
55755 26 1
55969 26 0
55978 26 0
55983 22 1
55983 22 1
56079 38 0
56079 38 0
56197 46 1
56197 22 0
56197 46 1
56197 22 0
56197 26 1
56201 26 1
56405 26 0
56414 26 0
56414 22 1
56418 22 1
56514 46 0
56514 46 0
56527 45 1
56527 45 1
56622 22 0
56631 45 0
56631 17 1
56631 45 0
56631 22 0
56631 17 1
56636 45 1
56636 45 1
56840 17 0
56840 17 0
56849 45 0
56849 43 1
56849 26 1
56849 45 0
56853 43 1
56853 26 1
57057 43 0
57057 26 0
57066 41 1
57066 17 1
57066 43 0
57066 41 1
57066 26 0
57071 22 1
57071 19 1
57071 19 1
57071 22 1
57071 17 1
57274 41 0
57274 17 0
57274 41 0
57283 40 1
57283 22 0
57283 19 0
57283 40 1
57283 19 0
57283 22 0
57283 17 0
57288 26 1
57288 26 1
57492 40 0
57492 40 0
57501 26 0
57501 38 1
57501 26 0
57501 22 1
57505 38 1
57505 22 1
57505 19 1
57505 17 1
57505 19 1
57505 17 1
57709 38 0
57709 22 0
57718 38 0
57718 36 1
57718 22 0
57718 19 0
57718 17 0
57718 26 1
57718 36 1
57718 19 0
57718 17 0
57718 26 1
57927 36 0
57927 26 0
57927 36 0
57927 26 0
57936 34 1
57936 34 1
57936 17 1
57940 17 1
58144 17 0
58153 17 0
58153 21 1
58158 21 1
58361 34 0
58361 34 0
58361 21 0
58370 21 0
58370 33 1
58370 24 1
58375 33 1
58375 24 1
58579 24 0
58588 24 0
58588 21 1
58592 21 1
58687 33 0
58697 33 0
58697 34 1
58701 34 1
58796 21 0
58796 34 0
58805 34 0
58805 21 0
58805 24 1
58810 33 1
58810 24 1
58810 33 1
58914 33 0
58914 33 0
58918 31 1
58918 31 1
59014 24 0
59023 31 0
59023 33 1
59023 24 0
59023 21 1
59023 31 0
59023 33 1
59027 21 1
59122 33 0
59122 33 0
59136 34 1
59136 34 1
59231 21 0
59240 34 0
59240 36 1
59240 17 1
59240 34 0
59240 21 0
59245 36 1
59245 17 1
59448 17 0
59457 21 1
59457 17 0
59462 21 1
59666 21 0
59675 21 0
59679 24 1
59679 24 1
59892 24 0
59892 24 0
59897 21 1
59897 21 1
60101 36 0
60110 21 0
60110 24 1
60110 36 0
60110 38 1
60110 21 0
60110 24 1
60114 38 1
60318 24 0
60318 38 0
60318 24 0
60327 38 0
60327 39 1
60331 39 1
60331 21 1
60331 21 1
60535 39 0
60544 39 0
60544 21 0
60544 21 0
60549 40 1
60549 16 1
60549 40 1
60549 16 1
60762 16 0
60762 21 1
60762 16 0
60762 21 1
60970 21 0
60970 21 0
60979 24 1
60979 24 1
61088 40 0
61088 40 0
61187 24 0
61187 24 0
61197 40 1
61197 21 1
61201 40 1
61201 21 1
61405 40 0
61405 21 0
61414 40 0
61414 41 1
61414 21 0
61414 41 1
61418 14 1
61418 26 1
61418 14 1
61418 26 1
61622 41 0
61622 41 0
61631 33 1
61631 14 0
61631 26 0
61631 17 1
61631 33 1
61631 14 0
61631 26 0
61636 17 1
61731 33 0
61731 33 0
61840 17 0
61849 36 1
61849 17 0
61849 19 1
61853 19 1
61853 36 1
62057 19 0
62066 19 0
62066 28 1
62071 28 1
62166 36 0
62175 36 0
62274 28 0
62283 28 0
62283 19 1
62288 38 1
62288 19 1
62288 38 1
62392 38 0
62392 38 0
62397 36 1
62397 36 1
62492 19 0
62501 36 0
62501 19 0
62501 28 1
62501 36 0
62501 35 1
62501 28 1
62505 35 1
62601 35 0
62610 35 0
62610 36 1
62614 36 1
62709 36 0
62709 28 0
62709 28 0
62718 38 1
62718 19 1
62718 36 0
62723 38 1
62723 19 1
62927 19 0
62936 19 0
62940 29 1
62940 29 1
63035 38 0
63044 35 1
63044 38 0
63044 35 1
63144 35 0
63144 35 0
63153 29 0
63153 24 1
63153 28 1
63153 29 0
63158 36 1
63158 36 1
63158 24 1
63158 28 1
63262 36 0
63262 43 1
63262 36 0
63266 43 1
63361 43 0
63361 24 0
63361 28 0
63370 43 0
63370 24 0
63370 28 0
63375 31 1
63375 31 1
63479 31 0
63479 31 0
63479 43 1
63484 43 1
63579 43 0
63588 43 0
63588 33 1
63592 33 1
63687 33 0
63697 33 0
63697 43 1
63701 43 1
63796 43 0
63805 35 1
63805 31 1
63805 43 0
63810 29 1
63810 35 1
63810 29 1
63810 31 1
63905 35 0
63914 35 0
63914 43 1
63918 43 1
64014 31 0
64014 43 0
64023 43 0
64023 36 1
64023 29 0
64023 28 1
64023 29 0
64023 31 0
64023 31 1
64023 28 1
64027 31 1
64027 36 1
64122 36 0
64131 36 0
64136 43 1
64136 43 1
64231 28 0
64231 31 0
64231 28 0
64240 43 0
64240 38 1
64240 31 0
64240 26 1
64240 31 1
64240 43 0
64240 38 1
64240 29 1
64240 31 1
64240 26 1
64245 29 1
64340 38 0
64340 38 0
64349 43 1
64353 43 1
64448 43 0
64448 26 0
64448 31 0
64448 29 0
64448 31 0
64448 26 0
64457 40 1
64457 29 0
64457 24 1
64457 43 0
64457 40 1
64457 31 1
64462 28 1
64462 31 1
64462 28 1
64462 24 1
64557 40 0
64557 40 0
64566 43 1
64571 43 1
64666 24 0
64666 43 0
64666 31 0
64675 43 0
64675 48 1
64675 28 0
64675 31 0
64675 28 0
64675 24 0
64679 48 1
64774 48 0
64783 48 0
64788 47 1
64788 47 1
64892 47 0
64892 21 1
64892 47 0
64892 45 1
64892 21 1
64897 45 1
64897 17 1
64897 17 1
64992 45 0
65001 45 0
65001 43 1
65005 43 1
65101 43 0
65110 41 1
65110 43 0
65114 41 1
65209 41 0
65218 41 0
65218 40 1
65223 40 1
65318 21 0
65318 40 0
65318 21 0
65327 40 0
65327 17 0
65327 38 1
65327 17 0
65327 23 1
65331 38 1
65331 23 1
65331 19 1
65331 19 1
65427 38 0
65436 38 0
65436 43 1
65436 43 1
65535 43 0
65535 43 0
65535 23 0
65544 41 1
65544 23 0
65544 19 0
65544 19 0
65549 41 1
65644 41 0
65653 41 0
65653 38 1
65658 38 1
65753 38 0
65762 38 0
65762 24 1
65766 36 1
65766 24 1
65766 36 1
65870 36 0
65870 36 0
65875 43 1
65875 43 1
65970 24 0
65979 43 0
65979 24 0
65979 43 0
65979 31 1
65984 31 1
66079 31 0
66088 31 0
66092 43 1
66092 43 1
66197 43 0
66197 33 1
66197 43 0
66197 33 1
66296 33 0
66296 33 0
66305 43 1
66310 43 1
66405 43 0
66414 43 0
66414 31 1
66414 35 1
66414 31 1
66418 35 1
66418 29 1
66418 29 1
66514 35 0
66523 35 0
66523 43 1
66523 43 1
66622 43 0
66622 31 0
66622 43 0
66622 31 0
66631 36 1
66631 29 0
66631 28 1
66631 31 1
66631 36 1
66631 29 0
66631 31 1
66636 28 1
66731 36 0
66731 36 0
66740 43 1
66740 43 1
66840 43 0
66840 28 0
66840 31 0
66840 43 0
66840 31 0
66849 38 1
66849 29 1
66849 26 1
66849 38 1
66849 28 0
66849 31 1
66849 26 1
66853 31 1
66853 29 1
66948 38 0
66948 38 0
66962 43 1
66962 43 1
67057 29 0
67057 26 0
67057 31 0
67057 26 0
67066 43 0
67066 31 0
67066 31 1
67066 24 1
67066 43 0
67066 40 1
67066 29 0
67066 28 1
67071 40 1
67071 28 1
67071 31 1
67071 24 1
67166 40 0
67175 40 0
67175 43 1
67179 43 1
67274 31 0
67274 24 0
67274 43 0
67274 28 0
67283 43 0
67283 28 0
67283 31 0
67283 24 0
67288 48 1
67288 48 1
67392 48 0
67392 48 0
67397 47 1
67397 47 1
67501 47 0
67501 45 1
67501 47 0
67505 17 1
67505 21 1
67505 45 1
67505 17 1
67505 21 1
67601 45 0
67610 45 0
67610 43 1
67614 43 1
67709 43 0
67718 43 0
67718 41 1
67718 17 0
67718 21 0
67718 17 0
67718 21 0
67723 41 1
67818 41 0
67827 40 1
67827 41 0
67827 40 1
67927 40 0
67927 40 0
67936 38 1
67936 38 1
67936 23 1
67936 19 1
67940 23 1
67940 19 1
68035 38 0
68035 38 0
68049 43 1
68049 43 1
68144 23 0
68144 19 0
68153 43 0
68153 41 1
68153 23 0
68153 19 0
68153 43 0
68153 41 1
68253 41 0
68253 41 0
68266 38 1
68266 38 1
68370 38 0
68370 40 1
68370 23 1
68370 38 0
68375 20 1
68375 40 1
68375 23 1
68375 20 1
68470 40 0
68479 40 0
68479 41 1
68484 41 1
68579 41 0
68588 41 0
68588 40 1
68588 40 1
68687 40 0
68687 40 0
68697 39 1
68697 39 1
68796 39 0
68796 23 0
68796 39 0
68805 20 0
68805 23 0
68805 20 0
68810 40 1
68810 40 1
68914 40 0
68914 40 0
68918 35 1
68918 35 1
69023 35 0
69023 35 0
69023 40 1
69027 40 1
69122 40 0
69131 40 0
69131 39 1
69136 39 1
69231 39 0
69240 39 0
69245 40 1
69245 40 1
69349 40 0
69349 35 1
69349 40 0
69353 35 1
69448 35 0
69457 35 0
69462 40 1
69462 40 1
69566 40 0
69566 40 0
69566 39 1
69571 39 1
69666 39 0
69675 39 0
69675 40 1
69675 40 1
70372 40 0
70372 40 0
70382 35 1
70387 35 1
70635 35 0
70646 35 0
70646 40 1
70652 40 1
70908 40 0
70920 40 0
70920 39 1
70926 39 1
71191 39 0
71203 39 0
71203 40 1
71209 40 1
72085 40 0
72098 35 1
72098 40 0
72098 35 1
72397 35 0
72397 35 0
72410 40 1
72410 40 1
72723 40 0
72723 40 0
72736 39 1
72743 39 1
73049 39 0
73062 40 1
73062 39 0
73069 40 1
73375 40 0
73388 40 0
73395 39 1
73395 39 1
73715 39 0
73715 40 1
73715 39 0
73715 40 1
74025 40 0
74025 40 0
74045 39 1
74045 39 1
74347 39 0
74347 39 0
74347 40 1
74353 40 1
74620 40 0
74632 39 1
74632 40 0
74632 39 1
74888 39 0
74888 39 0
74903 40 1
74903 40 1
75142 40 0
75142 39 1
75142 40 0
75147 39 1
75351 39 0
75359 40 1
75359 39 0
75359 40 1
75549 40 0
75549 40 0
75557 35 1
75557 35 1
75746 35 0
75746 35 0
75754 38 1
75758 38 1
75943 38 0
75952 38 0
75952 36 1
75956 36 1
76141 36 0
76149 36 0
76149 33 1
76149 9 1
76149 9 1
76153 33 1
76338 9 0
76338 9 0
76346 16 1
76351 16 1
76536 33 0
76536 16 0
76544 21 1
76544 33 0
76544 16 0
76548 21 1
76733 21 0
76741 24 1
76741 21 0
76745 24 1
76930 24 0
76939 24 0
76943 28 1
76943 28 1
77136 28 0
77136 28 0
77136 33 1
77140 33 1
77325 33 0
77333 33 0
77337 35 1
77337 4 1
77337 35 1
77337 4 1
77531 4 0
77531 16 1
77531 4 0
77535 16 1
77720 16 0
77728 35 0
77728 20 1
77728 35 0
77728 16 0
77732 20 1
77917 20 0
77925 28 1
77925 28 1
77925 20 0
78115 28 0
78115 28 0
78123 32 1
78127 32 1
78312 32 0
78320 32 0
78320 35 1
78324 35 1
78509 35 0
78518 35 0
78518 36 1
78518 9 1
78518 36 1
78518 9 1
78707 9 0
78707 9 0
78719 16 1
78719 16 1
78904 36 0
78904 36 0
78912 16 0
78912 21 1
78912 16 0
78912 21 1
79101 21 0
79101 21 0
79110 28 1
79114 28 1
79299 28 0
79307 28 0
79311 40 1
79311 40 1
79504 40 0
79504 40 0
79504 39 1
79508 39 1
79693 39 0
79702 39 0
79702 40 1
79702 40 1
79891 40 0
79891 40 0
79903 39 1
79903 39 1
80096 39 0
80096 40 1
80096 39 0
80096 40 1
80286 40 0
80286 40 0
80298 35 1
80298 35 1
80491 35 0
80491 35 0
80491 38 1
80495 38 1
80680 38 0
80689 38 0
80693 36 1
80693 36 1
80886 36 0
80886 9 1
80886 36 0
80886 33 1
80890 33 1
80890 9 1
81075 9 0
81083 9 0
81083 16 1
81087 16 1
81272 33 0
81272 16 0
81281 33 0
81281 16 0
81285 21 1
81285 21 1
81478 24 1
81478 21 0
81478 21 0
81482 24 1
81667 24 0
81675 28 1
81675 24 0
81680 28 1
81865 28 0
81873 33 1
81873 28 0
81877 33 1
82062 33 0
82070 35 1
82070 33 0
82070 35 1
82070 4 1
82074 4 1
82259 4 0
82267 4 0
82267 16 1
82267 16 1
82457 35 0
82457 16 0
82457 35 0
82457 16 0
82465 20 1
82465 20 1
82654 20 0
82654 20 0
82662 26 1
82666 26 1
82851 26 0
82860 26 0
82864 36 1
82864 36 1
83057 36 0
83057 36 0
83057 35 1
83061 35 1
83246 35 0
83254 35 0
83254 9 1
83258 33 1
83258 24 1
83258 9 1
83258 33 1
83258 24 1
83443 9 0
83452 9 0
83452 16 1
83452 16 1
83641 16 0
83641 16 0
83649 33 0
83649 24 0
83649 33 0
83649 24 0
83649 21 1
83653 21 1
83838 21 0
83846 35 1
83846 21 0
83846 35 1
84036 35 0
84036 35 0
84048 36 1
84048 36 1
84241 36 0
84241 36 0
84241 38 1
84245 38 1
84430 38 0
84439 38 0
84439 40 1
84439 12 1
84443 40 1
84443 12 1
84628 12 0
84636 12 0
84636 19 1
84640 19 1
84825 19 0
84833 19 0
84833 24 1
84837 24 1
85022 40 0
85022 24 0
85031 40 0
85031 24 0
85035 31 1
85035 31 1
85228 31 0
85228 31 0
85232 41 1
85232 41 1
85425 41 0
85425 40 1
85425 41 0
85425 40 1
85615 40 0
85615 40 0
85623 7 1
85623 7 1
85627 38 1
85627 38 1
85812 7 0
85812 7 0
85824 19 1
85824 19 1
86017 19 0
86017 23 1
86017 19 0
86017 23 1
86207 23 0
86207 23 0
86215 38 0
86215 29 1
86215 38 0
86215 29 1
86404 29 0
86404 29 0
86412 40 1
86412 40 1
86601 40 0
86601 40 0
86614 38 1
86614 38 1
86807 38 0
86807 9 1
86807 38 0
86807 36 1
86811 36 1
86811 9 1
86996 9 0
87004 9 0
87004 16 1
87008 16 1
87193 16 0
87202 16 0
87202 21 1
87206 21 1
87391 21 0
87391 36 0
87399 36 0
87399 28 1
87399 28 1
87399 21 0
87588 28 0
87588 28 0
87596 38 1
87601 38 1
87786 38 0
87794 38 0
87794 36 1
87798 36 1
87983 36 0
87991 35 1
87991 4 1
87991 36 0
87991 35 1
87995 4 1
88180 35 0
88180 4 0
88180 35 0
88189 4 0
88193 16 1
88193 16 1
88386 16 0
88386 28 1
88386 16 0
88390 28 1
88575 28 0
88583 28 1
88583 28 0
88587 28 1
88772 28 0
88781 28 0
88781 40 1
88781 40 1
88970 40 0
88970 40 0
88978 28 1
88978 28 1
89167 28 0
89167 28 0
89175 40 1
89175 40 1
89365 40 0
89365 40 0
89377 40 1
89377 40 1
89570 40 0
89570 52 1
89570 40 0
89574 52 1
89759 52 0
89767 39 1
89767 52 0
89772 39 1
89957 39 0
89965 40 1
89965 39 0
89969 40 1
90154 40 0
90162 39 1
90162 40 0
90166 39 1
90351 39 0
90360 39 0
90364 40 1
90364 40 1
90557 40 0
90557 39 1
90557 40 0
90561 39 1
90746 39 0
90754 40 1
90754 39 0
90758 40 1
90943 40 0
90952 39 1
90952 40 0
90956 39 1
91141 39 0
91149 39 0
91149 40 1
91153 40 1
91338 40 0
91346 40 0
91346 39 1
91351 39 1
91536 39 0
91544 40 1
91544 39 0
91544 40 1
91733 40 0
91733 40 0
91741 39 1
91741 39 1
91930 39 0
91930 39 0
91939 40 1
91943 40 1
92128 40 0
92136 40 0
92136 35 1
92136 35 1
92325 35 0
92325 35 0
92333 38 1
92333 38 1
92522 38 0
92522 38 0
92531 36 1
92535 36 1
92720 36 0
92728 36 0
92728 33 1
92732 33 1
92732 9 1
92732 9 1
92925 9 0
92925 16 1
92925 9 0
92929 16 1
93115 16 0
93123 16 0
93127 21 1
93127 21 1
93312 33 0
93320 33 0
93320 24 1
93320 21 0
93320 24 1
93320 21 0
93509 24 0
93509 24 0
93517 28 1
93522 28 1
93707 28 0
93715 33 1
93715 28 0
93719 33 1
93904 33 0
93912 4 1
93912 33 0
93912 4 1
93916 35 1
93916 35 1
94101 4 0
94101 4 0
94110 16 1
94114 16 1
94299 16 0
94307 35 0
94307 35 0
94307 16 0
94311 20 1
94311 20 1
94504 28 1
94504 20 0
94504 28 1
94504 20 0
94693 28 0
94693 28 0
94706 32 1
94706 32 1
94899 32 0
94899 32 0
94899 35 1
94903 35 1
95088 35 0
95096 35 0
95101 36 1
95101 9 1
95101 36 1
95101 9 1
95294 9 0
95294 9 0
95298 16 1
95298 16 1
95491 36 0
95491 16 0
95491 36 0
95491 16 0
95495 21 1
95495 21 1
95689 21 0
95689 28 1
95689 21 0
95693 28 1
95878 28 0
95886 28 0
95890 40 1
95890 40 1
96083 40 0
96083 39 1
96083 40 0
96087 39 1
96272 39 0
96281 39 0
96281 40 1
96285 40 1
96470 40 0
96478 40 0
96482 39 1
96482 39 1
96675 39 0
96675 40 1
96675 39 0
96675 40 1
96865 40 0
96865 40 0
96877 35 1
96877 35 1
97070 35 0
97070 35 0
97074 38 1
97074 38 1
97267 38 0
97267 38 0
97272 36 1
97272 36 1
97465 36 0
97465 9 1
97465 36 0
97465 33 1
97469 33 1
97469 9 1
97654 9 0
97662 16 1
97662 9 0
97666 16 1
97851 16 0
97860 16 0
97860 21 1
97864 21 1
98049 33 0
98049 21 0
98057 33 0
98057 24 1
98057 21 0
98057 24 1
98246 24 0
98246 24 0
98254 28 1
98258 28 1
98443 28 0
98452 28 0
98456 33 1
98456 33 1
98649 33 0
98649 35 1
98649 4 1
98649 33 0
98649 35 1
98653 4 1
98838 4 0
98846 16 1
98846 4 0
98851 16 1
99036 35 0
99036 16 0
99036 35 0
99044 20 1
99044 16 0
99048 20 1
99233 20 0
99241 20 0
99245 26 1
99245 26 1
99439 36 1
99443 36 1
99628 36 0
99636 35 1
99636 36 0
99636 35 1
99825 35 0
99825 35 0
99833 26 0
99833 33 1
99833 9 1
99833 26 0
99833 33 1
99833 9 1
99837 24 1
99837 24 1
100022 9 0
100022 9 0
100035 9 1
100035 9 1
100220 33 0
100220 33 0
100228 24 0
100228 9 0
100228 9 1
100228 24 0
100228 9 0
100232 9 1
100417 9 0
100425 9 1
100425 9 0
100429 9 1
100615 9 0
100623 9 0
100627 9 1
100627 9 1
100820 9 0
100820 9 0
100824 9 1
100824 9 1
101017 28 1
101017 34 1
101017 9 0
101017 34 1
101017 9 0
101017 9 1
101022 31 1
101022 37 1
101022 9 1
101022 28 1
101022 31 1
101022 37 1
101207 9 0
101215 9 0
101215 9 1
101219 9 1
101404 9 0
101412 9 0
101412 9 1
101416 9 1
101601 9 0
101610 9 0
101614 9 1
101614 9 1
101807 9 0
101807 9 1
101807 9 0
101807 9 1
101996 28 0
101996 34 0
101996 9 0
101996 34 0
101996 9 0
102004 31 0
102004 37 0
102004 9 1
102004 28 0
102004 31 0
102004 37 0
102004 9 1
102193 9 0
102193 9 0
102202 38 1
102202 9 1
102202 29 1
102206 29 1
102206 33 1
102206 38 1
102206 33 1
102206 9 1
102391 9 0
102399 9 1
102399 9 0
102403 9 1
102588 9 0
102596 9 0
102601 9 1
102601 9 1
102786 38 0
102786 29 0
102794 29 0
102794 33 0
102794 9 0
102794 9 1
102794 38 0
102794 33 0
102794 9 0
102798 9 1
102983 9 0
102991 37 1
102991 9 1
102991 37 1
102991 40 1
102991 9 0
102995 40 1
102995 9 1
103180 37 0
103180 9 0
103180 37 0
103180 40 0
103189 40 0
103189 41 1
103189 9 1
103189 38 1
103189 41 1
103189 9 0
103193 38 1
103193 9 1
103378 41 0
103378 9 0
103378 38 0
103378 41 0
103386 38 0
103386 32 1
103386 9 1
103386 38 1
103386 9 0
103390 38 1
103390 41 1
103390 41 1
103390 32 1
103390 9 1
103575 9 0
103583 9 1
103583 9 0
103587 9 1
103772 9 0
103781 9 0
103785 9 1
103785 9 1
103970 32 0
103970 38 0
103978 38 0
103978 41 0
103978 9 0
103978 9 1
103978 41 0
103978 32 0
103978 9 0
103978 9 1
104167 9 0
104167 9 0
104175 32 1
104179 38 1
104179 41 1
104179 9 1
104179 32 1
104179 38 1
104179 41 1
104179 9 1
104365 32 0
104373 38 0
104373 41 0
104373 9 0
104373 9 1
104373 32 0
104373 38 0
104373 41 0
104373 9 0
104377 9 1
104562 9 0
104570 36 1
104570 36 1
104570 9 0
104574 33 1
104574 40 1
104574 9 1
104574 33 1
104574 40 1
104574 9 1
104767 9 0
104767 9 1
104767 9 0
104767 9 1
104957 9 0
104957 9 0
104965 9 1
104969 9 1
105154 9 0
105162 9 0
105162 9 1
105166 9 1
105351 9 0
105360 9 0
105364 9 1
105364 9 1
105549 36 0
105549 36 0
105557 33 0
105557 40 0
105557 9 0
105557 9 1
105557 33 0
105557 40 0
105557 9 0
105557 9 1
105746 9 0
105746 9 0
105754 38 1
105754 38 1
105754 29 1
105754 9 1
105758 29 1
105758 9 1
105758 2 1
105758 2 1
105943 9 0
105952 9 0
105952 2 0
105952 2 0
105952 2 1
105956 9 1
105956 2 1
105956 9 1
106141 2 0
106149 9 0
106149 2 0
106149 2 1
106149 9 0
106149 2 1
106149 9 1
106153 9 1
106338 38 0
106338 2 0
106338 38 0
106338 29 0
106338 2 0
106338 9 0
106346 29 0
106346 9 0
106346 2 1
106346 9 1
106351 2 1
106351 9 1
106536 2 0
106536 9 0
106544 2 0
106544 9 0
106544 9 1
106544 9 1
106544 2 1
106548 36 1
106548 28 1
106548 2 1
106548 36 1
106548 28 1
106733 9 0
106733 9 0
106733 2 0
106741 36 0
106741 28 0
106741 2 0
106741 9 1
106741 36 0
106741 28 0
106741 35 1
106741 26 1
106741 2 1
106745 35 1
106745 26 1
106745 2 1
106745 9 1
106930 9 0
106930 35 0
106930 26 0
106930 2 0
106939 35 0
106939 26 0
106939 30 1
106939 24 1
106939 33 1
106939 2 0
106939 24 1
106939 9 0
106939 3 1
106943 3 1
106943 9 1
106943 30 1
106943 33 1
106943 9 1
107128 3 0
107136 3 0
107136 9 0
107136 9 1
107136 9 0
107136 9 1
107136 3 1
107140 3 1
107325 9 0
107325 9 0
107325 3 0
107333 3 0
107333 3 1
107337 9 1
107337 3 1
107337 9 1
107522 30 0
107522 3 0
107531 9 0
107531 3 0
107531 3 1
107531 9 1
107531 30 0
107531 9 0
107531 9 1
107535 3 1
107720 24 0
107720 33 0
107720 3 0
107720 9 0
107720 24 0
107720 9 0
107728 33 1
107728 9 1
107728 33 0
107728 33 1
107728 3 0
107732 24 1
107732 3 1
107732 24 1
107732 9 1
107732 3 1
107917 33 0
107917 9 0
107917 33 0
107925 24 0
107925 3 0
107925 3 1
107925 9 1
107925 24 0
107925 9 0
107925 3 0
107929 3 1
107929 9 1
108115 3 0
108115 9 0
108123 24 1
108123 9 1
108123 4 1
108123 24 1
108123 3 0
108123 9 0
108123 9 1
108123 4 1
108127 33 1
108127 33 1
108312 24 0
108312 9 0
108312 4 0
108312 24 0
108312 9 0
108312 4 0
108320 33 0
108320 33 0
108320 9 1
108324 9 1
108324 4 1
108324 4 1
108509 9 0
108517 36 1
108517 9 0
108517 4 0
108517 4 1
108517 28 1
108517 4 0
108522 28 1
108522 9 1
108522 36 1
108522 4 1
108522 9 1
108707 36 0
108707 4 0
108707 28 0
108715 28 0
108715 9 0
108715 4 1
108715 36 0
108715 4 0
108715 9 0
108715 9 1
108719 9 1
108719 4 1
108904 4 0
108904 9 0
108912 26 1
108912 9 0
108912 8 1
108912 4 1
108912 26 1
108912 4 0
108912 4 1
108916 35 1
108916 35 1
108916 8 1
109101 26 0
109101 8 0
109101 4 0
109101 26 0
109101 4 0
109110 35 0
109110 35 0
109110 8 0
109110 8 1
109110 4 1
109114 8 1
109114 4 1
109299 8 0
109299 4 0
109307 24 1
109307 33 1
109307 8 0
109307 4 0
109307 9 1
109307 24 1
109311 33 1
109311 9 1
109496 9 0
109504 9 1
109504 9 0
109504 9 1
109693 9 0
109693 9 0
109702 9 1
109706 9 1
109891 9 0
109899 9 0
109899 9 1
109903 9 1
110088 24 0
110088 33 0
110088 24 0
110088 9 0
110096 9 0
110096 33 0
110096 9 1
110101 9 1
110286 9 0
110294 9 0
110294 9 1
110298 9 1
110483 9 0
110491 28 1
110491 31 1
110491 37 1
110491 9 0
110491 34 1
110495 34 1
110495 9 1
110495 28 1
110495 31 1
110495 37 1
110495 9 1
110689 9 0
110689 9 0
110693 9 1
110693 9 1
110886 9 0
110886 9 0
110890 9 1
110890 9 1
111083 9 0
111083 9 0
111083 9 1
111087 9 1
111272 9 0
111281 9 0
111281 9 1
111281 9 1
111470 28 0
111470 31 0
111470 37 0
111470 9 0
111470 34 0
111470 9 0
111478 34 0
111478 9 1
111478 28 0
111478 31 0
111478 37 0
111482 9 1
111667 9 0
111675 33 1
111675 9 1
111675 38 1
111675 29 1
111675 9 0
111679 38 1
111679 29 1
111679 33 1
111679 9 1
111865 9 0
111873 9 0
111873 9 1
111877 9 1
112062 9 0
112070 9 0
112074 9 1
112074 9 1
112259 33 0
112259 38 0
112259 29 0
112267 38 0
112267 29 0
112267 9 0
112267 33 0
112267 9 0
112267 9 1
112272 9 1
112457 9 0
112465 40 1
112465 9 0
112465 37 1
112469 37 1
112469 9 1
112469 40 1
112469 9 1
112654 40 0
112654 37 0
112662 37 0
112662 41 1
112662 9 0
112662 40 0
112662 9 0
112666 38 1
112666 9 1
112666 38 1
112666 41 1
112666 9 1
112851 41 0
112860 38 0
112860 41 1
112860 9 0
112860 38 0
112860 41 0
112860 9 0
112860 9 1
112864 38 1
112864 9 1
112864 38 1
112864 41 1
113049 9 0
113057 9 0
113057 9 1
113061 9 1
113246 9 0
113254 9 0
113254 9 1
113254 9 1
113443 41 0
113443 9 0
113443 9 0
113452 38 0
113452 9 1
113452 38 0
113452 41 0
113452 9 1
113641 9 0
113641 9 0
113649 9 1
113653 41 1
113653 38 1
113653 9 1
113653 41 1
113653 38 1
113838 9 0
113846 41 0
113846 38 0
113846 9 0
113846 9 1
113846 41 0
113846 38 0
113846 9 1
114036 9 0
114036 9 0
114044 41 1
114044 10 1
114048 38 1
114048 38 1
114048 41 1
114048 10 1
114233 10 0
114241 10 0
114241 10 1
114245 10 1
114430 10 0
114439 10 0
114439 10 1
114443 10 1
114628 10 0
114636 10 1
114636 10 0
114640 10 1
114825 10 0
114833 10 0
114837 10 1
114837 10 1
115022 41 0
115031 38 0
115031 10 0
115031 38 0
115031 41 0
115031 10 0
115035 10 1
115035 10 1
115228 31 1
115228 10 0
115228 31 1
115228 10 0
115232 39 1
115232 10 1
115232 39 1
115232 10 1
115425 10 0
115425 10 1
115425 10 0
115429 10 1
115615 10 0
115623 10 0
115623 10 1
115627 10 1
115812 31 0
115812 31 0
115812 10 0
115820 39 0
115820 10 0
115820 10 1
115820 39 0
115820 10 1
116009 10 0
116009 10 0
116017 29 1
116017 10 1
116017 29 1
116022 38 1
116022 38 1
116022 10 1
116207 29 0
116207 10 0
116207 29 0
116215 38 0
116215 36 1
116215 27 1
116215 10 1
116215 38 0
116215 36 1
116215 10 0
116219 27 1
116219 10 1
116404 36 0
116404 27 0
116404 10 0
116404 36 0
116412 34 1
116412 27 0
116412 10 0
116412 10 1
116416 26 1
116416 29 1
116416 10 1
116416 26 1
116416 29 1
116416 34 1
116601 10 0
116610 10 0
116610 10 1
116610 10 1
116799 10 0
116799 10 0
116807 10 1
116811 10 1
116996 10 0
117004 10 1
117004 10 0
117004 10 1
117193 34 0
117193 10 0
117193 10 0
117202 26 0
117202 29 0
117202 33 1
117202 29 1
117202 26 0
117202 29 0
117202 34 0
117202 33 1
117202 29 1
117202 10 1
117206 26 1
117206 10 1
117206 26 1
117391 33 0
117391 33 0
117391 10 0
117399 10 0
117403 10 1
117403 10 1
117588 29 0
117588 29 0
117596 26 0
117596 10 0
117596 11 1
117596 26 0
117596 32 1
117596 29 1
117596 10 0
117601 32 1
117601 29 1
117601 26 1
117601 26 1
117601 11 1
117786 11 0
117794 11 1
117794 11 0
117798 11 1
117983 11 0
117991 11 0
117995 11 1
117995 11 1
118180 32 0
118180 29 0
118189 32 0
118189 29 0
118189 26 0
118189 11 0
118189 11 1
118189 26 0
118189 11 0
118193 11 1
118378 11 0
118386 26 1
118386 29 1
118386 26 1
118386 11 0
118390 32 1
118390 11 1
118390 32 1
118390 29 1
118390 11 1
118575 26 0
118575 29 0
118575 26 0
118583 32 0
118583 11 0
118583 11 1
118583 32 0
118583 29 0
118583 11 0
118587 11 1
118772 11 0
118781 33 1
118781 24 1
118781 12 1
118781 33 1
118781 28 1
118781 11 0
118785 28 1
118785 24 1
118785 12 1
119167 12 0
119175 12 0
119365 33 0
119365 24 0
119365 33 0
119365 28 0
119373 28 0
119373 24 0
119965 28 1
119965 35 1
119965 16 1
119965 20 1
119965 28 1
119965 16 1
119969 35 1
119969 20 1
120351 28 0
120351 35 0
120351 16 0
120351 20 0
120351 28 0
120351 16 0
120360 35 0
120360 20 0
121149 21 1
121149 21 1
121272 21 0
121272 21 0
121281 24 1
121285 24 1
121404 24 0
121412 24 0
121412 28 1
121416 28 1
121536 28 0
121544 28 0
121544 33 1
121548 33 1
121667 33 0
121675 33 0
121675 36 1
121679 36 1
121799 36 0
121807 36 0
121807 40 1
121807 40 1
121930 40 0
121930 40 0
121939 38 1
121939 21 1
121943 38 1
121943 28 1
121943 21 1
121943 24 1
121943 28 1
121943 24 1
122064 38 0
122072 38 0
122072 36 1
122072 36 1
122132 21 0
122141 28 0
122141 21 0
122141 28 0
122202 36 0
122202 36 0
122210 35 1
122215 35 1
122342 35 0
122351 35 0
122351 24 0
122351 24 0
122351 28 1
122351 24 1
122356 33 1
122356 28 1
122356 21 1
122356 24 1
122356 33 1
122356 21 1
122497 33 0
122497 33 0
122502 36 1
122502 36 1
122562 28 0
122562 24 0
122572 28 0
122572 21 0
122572 24 0
122572 21 0
122648 36 0
122648 36 0
122652 40 1
122652 40 1
122803 40 0
122803 40 0
122803 45 1
122808 45 1
122954 45 0
122964 45 0
122964 48 1
122964 48 1
123119 48 0
123119 48 0
123130 52 1
123130 52 1
123288 52 0
123288 52 0
123299 50 1
123299 21 1
123299 24 1
123299 21 1
123299 24 1
123305 28 1
123305 50 1
123305 28 1
123465 50 0
123476 48 1
123476 50 0
123482 48 1
123555 21 0
123555 24 0
123555 21 0
123555 24 0
123567 28 0
123567 28 0
123646 48 0
123657 47 1
123657 48 0
123657 47 1
123828 47 0
123828 47 0
123839 28 1
123839 21 1
123839 24 1
123839 28 1
123839 21 1
123845 45 1
123845 45 1
123845 24 1
124021 45 0
124021 48 1
124021 45 0
124027 48 1
124101 28 0
124101 21 0
124101 24 0
124101 28 0
124101 21 0
124112 24 0
124193 48 0
124205 48 0
124210 52 1
124210 52 1
124391 52 0
124391 57 1
124391 52 0
124397 57 1
124568 57 0
124579 57 0
124585 60 1
124585 60 1
124768 60 0
124768 60 0
124957 28 1
124957 24 1
124957 28 1
124963 21 1
124963 21 1
124963 24 1
125151 60 1
125151 60 1
125228 28 0
125228 24 0
125228 28 0
125240 21 0
125240 21 0
125240 24 0
125334 60 0
125334 60 0
125340 59 1
125340 59 1
125523 59 0
125523 24 1
125523 28 1
125523 59 0
125523 21 1
125523 28 1
125523 24 1
125529 58 1
125529 21 1
125529 58 1
125711 58 0
125711 58 0
125711 57 1
125717 57 1
125794 24 0
125794 28 0
125794 21 0
125794 28 0
125794 24 0
125806 21 0
125888 57 0
125900 57 0
125906 56 1
125906 56 1
126088 56 0
126088 56 0
126088 55 1
126094 55 1
126260 55 0
126271 55 0
126277 54 1
126277 54 1
126453 54 0
126453 54 0
126459 53 1
126459 53 1
126633 53 0
126633 52 1
126633 53 0
126639 52 1
126800 52 0
126811 52 0
126811 51 1
126817 51 1
126973 51 0
126984 51 0
126984 50 1
126984 50 1
127143 50 0
127143 50 0
127153 49 1
127153 49 1
127309 49 0
127309 49 0
127320 48 1
127325 48 1
127476 48 0
127486 48 0
127492 47 1
127492 47 1
127653 47 0
127653 46 1
127653 47 0
127653 46 1
127809 46 0
127809 46 0
127820 45 1
127825 45 1
127976 45 0
127986 45 0
127986 44 1
127986 44 1
128143 44 0
128143 44 0
128153 43 1
128158 43 1
128306 43 0
128316 43 0
128321 42 1
128321 42 1
128476 42 0
128476 42 0
128476 41 1
128481 41 1
128623 41 0
128633 41 0
128633 40 1
128633 40 1
128852 40 0
128852 40 0
128862 39 1
128866 39 1
129074 39 0
129084 39 0
129088 40 1
129088 40 1
129299 40 0
129299 35 1
129299 40 0
129303 35 1
129498 35 0
129507 35 0
129511 38 1
129511 38 1
129708 38 0
129708 36 1
129708 38 0
129708 36 1
129899 36 0
129899 36 0
129908 9 1
129908 9 1
129912 33 1
129912 33 1
130099 9 0
130099 9 0
130112 16 1
130112 16 1
130308 33 0
130308 16 0
130308 33 0
130308 16 0
130308 21 1
130312 21 1
130499 21 0
130508 21 0
130512 24 1
130512 24 1
130708 24 0
130708 24 0
130712 28 1
130712 28 1
130908 28 0
130908 33 1
130908 28 0
130912 33 1
131099 33 0
131108 35 1
131108 4 1
131108 33 0
131108 35 1
131112 4 1
131299 4 0
131308 4 0
131308 16 1
131312 16 1
131499 35 0
131499 35 0
131499 16 0
131508 16 0
131508 20 1
131512 20 1
131699 20 0
131708 20 0
131712 28 1
131712 28 1
131908 28 0
131908 28 0
131912 32 1
131912 32 1
132108 32 0
132108 35 1
132108 32 0
132112 35 1
132299 35 0
132308 9 1
132308 35 0
132312 36 1
132312 36 1
132312 9 1
132499 9 0
132508 16 1
132508 9 0
132508 16 1
132699 16 0
132699 16 0
132708 36 0
132708 21 1
132708 36 0
132708 21 1
132899 21 0
132899 21 0
132908 28 1
132912 28 1
133099 28 0
133108 40 1
133108 28 0
133108 40 1
133299 40 0
133299 40 0
133312 39 1
133312 39 1
133508 39 0
133508 40 1
133508 39 0
133512 40 1
133699 40 0
133708 39 1
133708 40 0
133708 39 1
133899 39 0
133899 39 0
133908 40 1
133912 40 1
134099 40 0
134108 40 0
134108 35 1
134112 35 1
134299 35 0
134308 38 1
134308 35 0
134312 38 1
134499 38 0
134508 36 1
134508 38 0
134512 36 1
134699 36 0
134708 33 1
134708 9 1
134708 36 0
134708 9 1
134712 33 1
134899 9 0
134899 9 0
134912 16 1
134912 16 1
135099 33 0
135108 16 0
135108 33 0
135108 16 0
135112 21 1
135112 21 1
135308 24 1
135308 21 0
135308 24 1
135308 21 0
135499 24 0
135499 24 0
135508 28 1
135512 28 1
135699 28 0
135708 33 1
135708 28 0
135712 33 1
135899 33 0
135908 4 1
135908 33 0
135912 35 1
135912 35 1
135912 4 1
136099 4 0
136108 4 0
136112 16 1
136112 16 1
136308 35 0
136308 16 0
136308 20 1
136308 35 0
136308 16 0
136312 20 1
136499 20 0
136508 26 1
136508 20 0
136512 26 1
136699 26 0
136708 26 0
136712 36 1
136712 36 1
136908 36 0
136908 36 0
136912 35 1
136912 35 1
137108 35 0
137108 24 1
137108 35 0
137108 9 1
137112 33 1
137112 9 1
137112 33 1
137112 24 1
137299 9 0
137308 9 0
137312 16 1
137312 16 1
137499 24 0
137508 33 0
137508 16 0
137508 33 0
137508 24 0
137508 16 0
137512 21 1
137512 21 1
137708 35 1
137708 21 0
137708 35 1
137708 21 0
137899 35 0
137899 35 0
137908 36 1
137912 36 1
138099 36 0
138108 36 0
138108 38 1
138108 38 1
138299 38 0
138299 38 0
138308 40 1
138308 40 1
138312 12 1
138312 12 1
138508 12 0
138508 12 0
138512 19 1
138512 19 1
138708 19 0
138708 19 0
138712 24 1
138712 24 1
138899 40 0
138899 40 0
138908 24 0
138908 24 0
138912 31 1
138912 31 1
139108 31 0
139108 31 0
139112 41 1
139112 41 1
139308 41 0
139308 41 0
139308 40 1
139312 40 1
139499 40 0
139508 40 0
139508 38 1
139508 38 1
139508 7 1
139512 7 1
139699 7 0
139708 7 0
139708 19 1
139712 19 1
139899 19 0
139908 19 0
139908 23 1
139912 23 1
140099 38 0
140099 23 0
140099 38 0
140108 23 0
140112 29 1
140112 29 1
140308 29 0
140308 29 0
140308 40 1
140312 40 1
140499 40 0
140508 40 0
140508 38 1
140512 38 1
140699 38 0
140708 38 0
140708 9 1
140712 36 1
140712 36 1
140712 9 1
140899 9 0
140908 16 1
140908 9 0
140912 16 1
141099 16 0
141108 21 1
141108 16 0
141112 21 1
141299 21 0
141308 36 0
141308 36 0
141308 21 0
141312 28 1
141312 28 1
141508 28 0
141508 38 1
141508 28 0
141508 38 1
141699 38 0
141699 38 0
141708 36 1
141708 36 1
141899 36 0
141899 36 0
141908 35 1
141908 4 1
141912 35 1
141912 4 1
142099 35 0
142099 4 0
142108 35 0
142108 4 0
142108 16 1
142112 16 1
142299 16 0
142308 16 0
142308 28 1
142308 28 1
142499 28 0
142499 28 0
142508 28 1
142512 28 1
142699 28 0
142708 40 1
142708 28 0
142712 40 1
142899 40 0
142908 28 1
142908 40 0
142908 28 1
143099 28 0
143099 28 0
143112 40 1
143112 40 1
143308 40 0
143308 40 0
143312 40 1
143312 40 1
143508 40 0
143508 40 0
143512 52 1
143512 52 1
143708 52 0
143708 39 1
143708 52 0
143708 39 1
143899 39 0
143899 39 0
143908 40 1
143912 40 1
144099 40 0
144108 39 1
144108 40 0
144108 39 1
144299 39 0
144299 39 0
144308 40 1
144312 40 1
144499 40 0
144508 40 0
144512 39 1
144512 39 1
144708 39 0
144708 39 0
144708 40 1
144712 40 1
144899 40 0
144908 39 1
144908 40 0
144912 39 1
145099 39 0
145108 39 0
145112 40 1
145112 40 1
145308 40 0
145308 40 0
145308 39 1
145312 39 1
145499 39 0
145508 39 0
145508 40 1
145508 40 1
145699 40 0
145699 40 0
145708 39 1
145712 39 1
145899 39 0
145908 40 1
145908 39 0
145912 40 1
146099 40 0
146108 35 1
146108 40 0
146108 35 1
146299 35 0
146299 35 0
146308 38 1
146312 38 1
146499 38 0
146508 38 0
146508 36 1
146512 36 1
146699 36 0
146708 36 0
146708 33 1
146708 9 1
146712 33 1
146712 9 1
146899 9 0
146908 9 0
146908 16 1
146912 16 1
147099 16 0
147108 16 0
147112 21 1
147112 21 1
147299 33 0
147308 33 0
147308 21 0
147308 24 1
147308 21 0
147312 24 1
147499 24 0
147508 24 0
147508 28 1
147508 28 1
147699 28 0
147699 28 0
147708 33 1
147708 33 1
147899 33 0
147899 33 0
147908 35 1
147908 35 1
147912 4 1
147912 4 1
148108 4 0
148108 16 1
148108 4 0
148108 16 1
148299 16 0
148299 16 0
148312 20 1
148312 20 1
148499 35 0
148499 35 0
148508 20 0
148508 20 0
148512 28 1
148512 28 1
148708 28 0
148708 32 1
148708 28 0
148712 32 1
148899 32 0
148908 32 0
148908 35 1
148912 35 1
149099 35 0
149108 35 0
149108 36 1
149108 9 1
149108 9 1
149112 36 1
149299 9 0
149299 9 0
149308 16 1
149308 16 1
149499 36 0
149499 16 0
149499 16 0
149508 36 0
149508 21 1
149512 21 1
149699 21 0
149708 21 0
149712 28 1
149712 28 1
149908 28 0
149908 40 1
149908 28 0
149912 40 1
150099 40 0
150108 39 1
150108 40 0
150108 39 1
150299 39 0
150299 39 0
150308 40 1
150308 40 1
150499 40 0
150499 40 0
150508 39 1
150512 39 1
150699 39 0
150708 39 0
150708 40 1
150712 40 1
150899 40 0
150908 35 1
150908 40 0
150912 35 1
151099 35 0
151108 35 0
151108 38 1
151112 38 1
151299 38 0
151308 38 0
151308 36 1
151308 36 1
151499 36 0
151499 36 0
151508 9 1
151508 33 1
151508 9 1
151512 33 1
151702 9 0
151702 9 0
151710 16 1
151715 16 1
151908 16 0
151908 33 0
151917 33 0
151917 16 0
151921 21 1
151921 21 1
152125 24 1
152125 21 0
152125 21 0
152129 24 1
152325 24 0
152333 24 0
152333 28 1
152338 28 1
152536 28 0
152545 28 0
152545 33 1
152549 33 1
152751 33 0
152760 33 0
152760 4 1
152760 35 1
152765 35 1
152765 4 1
152968 4 0
152977 16 1
152977 4 0
152982 16 1
153188 16 0
153188 35 0
153197 35 0
153197 20 1
153197 16 0
153197 20 1
153412 20 0
153412 20 0
153426 26 1
153426 26 1
153645 36 1
153649 36 1
153865 36 0
153874 36 0
153874 35 1
153879 35 1
154098 35 0
154108 26 0
154108 24 1
154108 9 1
154108 26 0
154108 35 0
154112 33 1
154112 24 1
154112 33 1
154112 9 1
155057 24 0
155057 9 0
155067 33 0
155067 24 0
155067 33 0
155067 9 0
