33 40 1
225 40 0
237 39 1
433 39 0
433 40 1
625 40 0
637 39 1
833 39 0
837 40 1
1033 40 0
1033 35 1
1225 35 0
1237 38 1
1433 38 0
1437 36 1
1633 36 0
1637 33 1
2033 33 0
2237 24 1
2433 24 0
2437 28 1
2633 28 0
2633 33 1
2825 33 0
2833 35 1
3225 35 0
3433 28 1
3625 28 0
3633 32 1
3824 32 0
3837 35 1
4033 35 0
4033 36 1
4425 36 0
4633 28 1
4825 28 0
4833 40 1
5025 40 0
5037 39 1
5233 39 0
5237 40 1
5433 40 0
5437 39 1
5633 39 0
5637 40 1
5833 40 0
5833 35 1
6025 35 0
6037 38 1
6233 38 0
6233 36 1
6425 36 0
6433 33 1
6825 33 0
7037 24 1
7233 24 0
7237 28 1
7433 28 0
7437 33 1
7633 33 0
7633 35 1
8225 35 0
8237 26 1
8437 36 1
8633 36 0
8637 35 1
8833 26 0
8833 35 0
8833 33 1
8833 24 1
9225 33 0
9225 24 0
9637 40 1
9836 40 0
9840 39 1
10050 39 0
10054 40 1
10267 40 0
10272 39 1
10485 39 0
10485 40 1
10693 40 0
10702 35 1
10898 35 0
10906 38 1
11098 38 0
11110 36 1
11306 36 0
11306 33 1
11698 33 0
11910 24 1
12106 24 0
12106 28 1
12298 28 0
12306 33 1
12498 33 0
12510 35 1
12906 35 0
13110 28 1
13306 28 0
13310 32 1
13506 32 0
13510 35 1
13706 35 0
13710 36 1
14106 36 0
14310 28 1
14506 28 0
14506 40 1
14698 40 0
14706 39 1
14898 39 0
14910 40 1
15106 40 0
15110 39 1
15306 39 0
15306 40 1
15498 40 0
15510 35 1
15706 35 0
15706 38 1
15898 38 0
15910 36 1
16106 36 0
16110 33 1
16506 33 0
16706 24 1
16898 24 0
16906 28 1
17098 28 0
17106 33 1
17298 33 0
17310 35 1
17706 35 0
17910 26 1
18106 36 1
18298 36 0
18306 35 1
18498 35 0
18506 26 0
18506 33 1
18510 24 1
18898 33 0
18906 24 0
19110 35 1
19306 35 0
19306 36 1
19498 36 0
19510 38 1
19706 38 0
19706 40 1
20298 40 0
20306 31 1
20498 31 0
20506 41 1
20698 41 0
20706 40 1
20898 40 0
20910 38 1
21506 38 0
21510 29 1
21706 29 0
21710 40 1
21906 40 0
21910 38 1
22106 38 0
22106 36 1
22698 36 0
22706 28 1
22898 28 0
22906 38 1
23098 38 0
23110 36 1
23306 36 0
23306 35 1
23498 35 0
23910 28 1
24106 28 0
24110 40 1
24306 40 0
24710 40 1
24906 40 0
24910 52 1
25106 52 0
25506 39 1
25698 39 0
25710 40 1
25906 40 0
26306 39 1
26498 39 0
26510 40 1
26707 40 0
26711 39 1
26913 39 0
26913 40 1
27113 40 0
27121 39 1
27326 39 0
27340 40 1
27566 40 0
27571 35 1
27801 35 0
27805 38 1
28035 38 0
28035 36 1
28260 36 0
28269 33 1
28696 33 0
28913 24 1
29107 24 0
29116 28 1
29307 28 0
29316 33 1
29507 33 0
29520 35 1
29916 35 0
30120 28 1
30316 28 0
30316 32 1
30507 32 0
30520 35 1
30716 35 0
30720 36 1
31116 36 0
31320 28 1
31516 28 0
31516 40 1
31707 40 0
31720 39 1
31916 39 0
31920 40 1
32116 40 0
32116 39 1
32307 39 0
32320 40 1
32516 40 0
32516 35 1
32707 35 0
32720 38 1
32916 38 0
32920 36 1
33116 36 0
33120 33 1
33516 33 0
33716 24 1
33907 24 0
33916 28 1
34107 28 0
34120 33 1
34316 33 0
34316 35 1
34707 35 0
34916 26 1
35116 36 1
35307 36 0
35320 35 1
35507 26 0
35516 35 0
35520 33 1
35520 24 1
35916 33 0
35916 24 0
36116 35 1
36307 35 0
36316 36 1
36507 36 0
36516 38 1
36707 38 0
36716 40 1
37307 40 0
37316 31 1
37507 31 0
37516 41 1
37707 41 0
37720 40 1
37916 40 0
37916 38 1
38507 38 0
38520 29 1
38716 29 0
38720 40 1
38916 40 0
38920 38 1
39116 38 0
39116 36 1
39707 36 0
39720 28 1
39916 28 0
39916 38 1
40107 38 0
40116 36 1
40307 36 0
40320 35 1
40616 35 0
40920 28 1
41016 28 0
41116 40 1
41307 40 0
41720 40 1
41816 40 0
41920 52 1
42016 52 0
42516 39 1
42607 39 0
42716 40 1
42907 40 0
43316 39 1
43409 39 0
43526 40 1
43730 40 0
43730 39 1
43827 39 0
43949 40 1
44163 40 0
44163 39 1
44380 39 0
44394 40 1
44623 40 0
44623 35 1
44857 35 0
44867 38 1
45103 38 0
45118 36 1
45236 36 0
45357 33 1
45697 33 0
46037 24 1
46237 24 0
46250 28 1
46448 28 0
46448 33 1
46639 33 0
46648 35 1
47039 35 0
47248 28 1
47439 28 0
47448 32 1
47639 32 0
47652 35 1
47848 35 0
47852 36 1
48248 36 0
48452 28 1
48548 28 0
48652 40 1
48848 40 0
48852 39 1
49048 39 0
49048 40 1
49239 40 0
49248 39 1
49439 39 0
49452 40 1
49648 40 0
49652 35 1
49848 35 0
49852 38 1
50048 38 0
50048 36 1
50239 36 0
50248 33 1
50539 33 0
50852 24 1
51048 24 0
51048 28 1
51239 28 0
51248 33 1
51439 33 0
51448 35 1
51839 35 0
52052 26 1
52248 26 0
52252 36 1
52448 36 0
52452 35 1
52548 35 0
52648 33 1
52652 24 1
52939 33 0
52948 24 0
53252 36 1
53252 28 1
53348 36 0
53348 28 0
53449 29 1
53453 36 1
53543 29 0
53551 36 0
53656 36 1
53660 28 1
53660 31 1
53751 36 0
53760 28 0
53760 31 0
53865 36 1
54663 36 0
54799 41 1
55157 41 0
55162 40 1
55278 40 0
55283 40 1
55750 40 0
55750 38 1
56079 38 0
56197 46 1
56514 46 0
56527 45 1
56631 45 0
56636 45 1
56849 45 0
56849 43 1
57057 43 0
57066 41 1
57274 41 0
57283 40 1
57492 40 0
57505 38 1
57718 38 0
57718 36 1
57927 36 0
57936 34 1
58361 34 0
58375 33 1
58697 33 0
58701 34 1
58805 34 0
58810 33 1
58914 33 0
58918 31 1
59023 31 0
59023 33 1
59122 33 0
59136 34 1
59240 34 0
59240 36 1
60101 36 0
60114 38 1
60327 38 0
60331 39 1
60544 39 0
60549 40 1
61088 40 0
61201 40 1
61414 40 0
61414 41 1
61622 41 0
61631 33 1
61731 33 0
61849 36 1
62166 36 0
62288 38 1
62392 38 0
62397 36 1
62501 36 0
62505 35 1
62610 35 0
62610 36 1
62709 36 0
62718 38 1
63035 38 0
63044 35 1
63144 35 0
63158 36 1
63262 36 0
63262 43 1
63361 43 0
63375 31 1
63479 31 0
63484 43 1
63588 43 0
63592 33 1
63697 33 0
63697 43 1
63796 43 0
63805 35 1
63905 35 0
63918 43 1
64023 43 0
64023 36 1
64122 36 0
64136 43 1
64240 43 0
64240 38 1
64340 38 0
64349 43 1
64448 43 0
64457 40 1
64557 40 0
64571 43 1
64675 43 0
64675 48 1
64774 48 0
64788 47 1
64892 47 0
64897 45 1
65001 45 0
65001 43 1
65101 43 0
65110 41 1
65209 41 0
65223 40 1
65327 40 0
65331 38 1
65436 38 0
65436 43 1
65535 43 0
65544 41 1
65644 41 0
65658 38 1
65762 38 0
65766 36 1
65870 36 0
65875 43 1
65979 43 0
65984 31 1
66088 31 0
66092 43 1
66197 43 0
66197 33 1
66296 33 0
66310 43 1
66414 43 0
66418 35 1
66523 35 0
66523 43 1
66622 43 0
66631 36 1
66731 36 0
66740 43 1
66840 43 0
66849 38 1
66948 38 0
66962 43 1
67066 43 0
67071 40 1
67175 40 0
67179 43 1
67283 43 0
67288 48 1
67392 48 0
67397 47 1
67501 47 0
67501 45 1
67601 45 0
67614 43 1
67718 43 0
67718 41 1
67818 41 0
67827 40 1
67927 40 0
67936 38 1
68035 38 0
68049 43 1
68153 43 0
68153 41 1
68253 41 0
68266 38 1
68370 38 0
68370 40 1
68470 40 0
68484 41 1
68588 41 0
68588 40 1
68687 40 0
68697 39 1
68796 39 0
68810 40 1
68914 40 0
68918 35 1
69023 35 0
69027 40 1
69131 40 0
69136 39 1
69240 39 0
69245 40 1
69349 40 0
69349 35 1
69448 35 0
69462 40 1
69566 40 0
69571 39 1
69675 39 0
69675 40 1
70372 40 0
70382 35 1
70635 35 0
70652 40 1
70920 40 0
70926 39 1
71203 39 0
71203 40 1
72085 40 0
72098 35 1
72397 35 0
72410 40 1
72723 40 0
73395 39 1
73715 39 0
73715 40 1
74025 40 0
74632 39 1
74888 39 0
74903 40 1
75142 40 0
75142 39 1
75351 39 0
75359 40 1
75549 40 0
75557 35 1
75746 35 0
75754 38 1
75943 38 0
75956 36 1
76149 36 0
76149 33 1
76536 33 0
76745 24 1
76939 24 0
76943 28 1
77136 28 0
77140 33 1
77333 33 0
77337 35 1
77728 35 0
77925 28 1
78115 28 0
78127 32 1
78320 32 0
78324 35 1
78518 35 0
78518 36 1
78904 36 0
79110 28 1
79299 28 0
79311 40 1
79504 40 0
79508 39 1
79702 39 0
79702 40 1
79891 40 0
79903 39 1
80096 39 0
80096 40 1
80286 40 0
80298 35 1
80491 35 0
80495 38 1
80689 38 0
80693 36 1
80886 36 0
80890 33 1
81281 33 0
81478 24 1
81667 24 0
81675 28 1
81865 28 0
81873 33 1
82062 33 0
82070 35 1
82457 35 0
82662 26 1
82851 26 0
82864 36 1
83057 36 0
83061 35 1
83254 35 0
83258 33 1
83258 24 1
83649 33 0
83649 24 0
83846 35 1
84036 35 0
84048 36 1
84241 36 0
84245 38 1
84439 38 0
84443 40 1
85031 40 0
85035 31 1
85228 31 0
85232 41 1
85425 41 0
85425 40 1
85615 40 0
85627 38 1
86215 38 0
86215 29 1
86404 29 0
86412 40 1
86601 40 0
86614 38 1
86807 38 0
86811 36 1
87399 36 0
87399 28 1
87588 28 0
87601 38 1
87794 38 0
87794 36 1
87983 36 0
87991 35 1
88180 35 0
88587 28 1
88781 28 0
88781 40 1
88970 40 0
89377 40 1
89570 40 0
89570 52 1
89759 52 0
90162 39 1
90351 39 0
90364 40 1
90557 40 0
90956 39 1
91149 39 0
91153 40 1
91346 40 0
91346 39 1
91536 39 0
91544 40 1
91733 40 0
91741 39 1
91930 39 0
91943 40 1
92136 40 0
92136 35 1
92325 35 0
92333 38 1
92522 38 0
92531 36 1
92720 36 0
92732 33 1
93320 33 0
93320 24 1
93509 24 0
93517 28 1
93707 28 0
93715 33 1
93904 33 0
93916 35 1
94307 35 0
94504 28 1
94693 28 0
94706 32 1
94899 32 0
94903 35 1
95096 35 0
95101 36 1
95491 36 0
95693 28 1
95886 28 0
95890 40 1
96083 40 0
96083 39 1
96272 39 0
96285 40 1
96478 40 0
96482 39 1
96675 39 0
96675 40 1
96865 40 0
96877 35 1
97070 35 0
97074 38 1
97267 38 0
97272 36 1
97465 36 0
97469 33 1
98057 33 0
98057 24 1
98246 24 0
98254 28 1
98443 28 0
98456 33 1
98649 33 0
98649 35 1
99036 35 0
99245 26 1
99439 36 1
99628 36 0
99636 35 1
99825 35 0
99833 26 0
99833 33 1
99837 24 1
100220 33 0
100228 24 0
101017 28 1
101017 34 1
101022 31 1
101022 37 1
101996 28 0
101996 34 0
102004 31 0
102004 37 0
102202 38 1
102206 29 1
102206 33 1
102786 38 0
102794 29 0
102794 33 0
102991 37 1
102995 40 1
103180 37 0
103189 40 0
103189 41 1
103193 38 1
103378 41 0
103386 38 0
103386 32 1
103390 38 1
103390 41 1
103970 32 0
103978 38 0
103978 41 0
104175 32 1
104179 38 1
104179 41 1
104365 32 0
104373 38 0
104373 41 0
104570 36 1
104574 33 1
104574 40 1
105549 36 0
105557 33 0
105557 40 0
105754 38 1
105758 29 1
106338 38 0
106346 29 0
106548 36 1
106548 28 1
106741 36 0
106741 28 0
106745 35 1
106745 26 1
106939 35 0
106939 26 0
106939 30 1
106939 24 1
106939 33 1
107522 30 0
107720 24 0
107720 33 0
107728 33 1
107732 24 1
107917 33 0
107925 24 0
108123 24 1
108127 33 1
108312 24 0
108320 33 0
108517 36 1
108522 28 1
108707 36 0
108715 28 0
108912 26 1
108916 35 1
109101 26 0
109110 35 0
109307 24 1
109307 33 1
110088 24 0
110088 33 0
110491 28 1
110491 31 1
110491 37 1
110495 34 1
111470 28 0
111470 31 0
111470 37 0
111478 34 0
111675 33 1
111679 38 1
111679 29 1
112259 33 0
112267 38 0
112267 29 0
112465 40 1
112469 37 1
112654 40 0
112662 37 0
112662 41 1
112666 38 1
112851 41 0
112860 38 0
112860 41 1
112864 38 1
113443 41 0
113452 38 0
113653 41 1
113653 38 1
113846 41 0
113846 38 0
114044 41 1
114048 38 1
115022 41 0
115031 38 0
115228 31 1
115232 39 1
115812 31 0
115820 39 0
116017 29 1
116022 38 1
116207 29 0
116215 38 0
116215 36 1
116215 27 1
116404 36 0
116404 27 0
116412 34 1
116416 26 1
116416 29 1
117193 34 0
117202 26 0
117202 29 0
117202 33 1
117202 29 1
117206 26 1
117391 33 0
117588 29 0
117596 26 0
117601 32 1
117601 29 1
117601 26 1
118189 32 0
118189 29 0
118189 26 0
118386 26 1
118386 29 1
118390 32 1
118575 26 0
118575 29 0
118583 32 0
118781 33 1
118781 24 1
118785 28 1
119365 33 0
119365 24 0
119373 28 0
119965 28 1
119965 35 1
120351 28 0
120351 35 0
121149 21 1
121272 21 0
121285 24 1
121412 24 0
121416 28 1
121544 28 0
121548 33 1
121675 33 0
121679 36 1
121807 36 0
121807 40 1
121930 40 0
121943 38 1
122072 38 0
122072 36 1
122202 36 0
122215 35 1
122351 35 0
122356 33 1
122497 33 0
122502 36 1
122648 36 0
122652 40 1
122803 40 0
122808 45 1
122964 45 0
122964 48 1
123119 48 0
123130 52 1
123288 52 0
123299 50 1
123465 50 0
123476 48 1
123646 48 0
123657 47 1
123828 47 0
123845 45 1
124021 45 0
124021 48 1
124193 48 0
124210 52 1
124391 52 0
124391 57 1
124568 57 0
124585 60 1
124768 60 0
125151 60 1
125334 60 0
125340 59 1
125523 59 0
125529 58 1
125711 58 0
125717 57 1
125900 57 0
125906 56 1
126088 56 0
126094 55 1
126271 55 0
126277 54 1
126453 54 0
126459 53 1
126633 53 0
126633 52 1
126800 52 0
126817 51 1
126984 51 0
126984 50 1
127143 50 0
127153 49 1
127309 49 0
127325 48 1
127486 48 0
127492 47 1
127653 47 0
127653 46 1
127809 46 0
127825 45 1
127986 45 0
127986 44 1
128143 44 0
128153 43 1
128306 43 0
128321 42 1
128476 42 0
128481 41 1
128633 41 0
128633 40 1
128852 40 0
128862 39 1
129074 39 0
129088 40 1
129299 40 0
129299 35 1
129498 35 0
129511 38 1
129708 38 0
129708 36 1
129899 36 0
129912 33 1
130308 33 0
130512 24 1
130708 24 0
130712 28 1
130908 28 0
130908 33 1
131099 33 0
131108 35 1
131499 35 0
131712 28 1
131908 28 0
131912 32 1
132108 32 0
132108 35 1
132299 35 0
132312 36 1
132708 36 0
132908 28 1
133099 28 0
133108 40 1
133299 40 0
133312 39 1
133508 39 0
133508 40 1
133699 40 0
133708 39 1
133899 39 0
133912 40 1
134108 40 0
134108 35 1
134299 35 0
134308 38 1
134499 38 0
134508 36 1
134699 36 0
134708 33 1
135099 33 0
135308 24 1
135499 24 0
135508 28 1
135699 28 0
135708 33 1
135899 33 0
135912 35 1
136308 35 0
136512 26 1
136708 26 0
136712 36 1
136908 36 0
136912 35 1
137108 35 0
137108 24 1
137112 33 1
137499 24 0
137508 33 0
137708 35 1
137899 35 0
137912 36 1
138108 36 0
138108 38 1
138299 38 0
138308 40 1
138899 40 0
138912 31 1
139108 31 0
139112 41 1
139308 41 0
139312 40 1
139508 40 0
139508 38 1
140099 38 0
140112 29 1
140308 29 0
140312 40 1
140508 40 0
140512 38 1
140708 38 0
140712 36 1
141308 36 0
141312 28 1
141508 28 0
141508 38 1
141699 38 0
141708 36 1
141899 36 0
141908 35 1
142099 35 0
142508 28 1
142699 28 0
142708 40 1
142899 40 0
143312 40 1
143508 40 0
143512 52 1
143708 52 0
144108 39 1
144299 39 0
144308 40 1
144499 40 0
144908 39 1
145099 39 0
145112 40 1
145308 40 0
145312 39 1
145508 39 0
145508 40 1
145699 40 0
145708 39 1
145899 39 0
145908 40 1
146099 40 0
146108 35 1
146299 35 0
146308 38 1
146499 38 0
146512 36 1
146708 36 0
146712 33 1
147308 33 0
147312 24 1
147508 24 0
147508 28 1
147699 28 0
147708 33 1
147899 33 0
147908 35 1
148499 35 0
148512 28 1
148708 28 0
148708 32 1
148899 32 0
148912 35 1
149108 35 0
149108 36 1
149499 36 0
149712 28 1
149908 28 0
149908 40 1
150099 40 0
150108 39 1
150299 39 0
150308 40 1
150499 40 0
150512 39 1
150708 39 0
150708 40 1
150899 40 0
150908 35 1
151099 35 0
151112 38 1
151308 38 0
151308 36 1
151499 36 0
151512 33 1
151917 33 0
152125 24 1
152325 24 0
152338 28 1
152545 28 0
152549 33 1
152760 33 0
152765 35 1
153197 35 0
153426 26 1
153649 36 1
153874 36 0
153874 35 1
154098 35 0
154108 26 0
154108 24 1
154112 33 1
155057 24 0
155067 33 0
