857 40 1
1071 40 0
1071 39 1
1285 39 0
1285 40 1
1500 40 0
1500 39 1
1714 39 0
1714 40 1
1928 40 0
1928 35 1
2142 35 0
2142 38 1
2357 38 0
2357 36 1
2571 36 0
2571 9 1
2571 33 1
2785 9 0
2785 16 1
3000 16 0
3000 21 1
3214 33 0
3214 21 0
3214 24 1
3428 24 0
3428 28 1
3642 28 0
3642 33 1
3857 33 0
3857 4 1
3857 35 1
4071 4 0
4071 16 1
4285 16 0
4285 20 1
4500 35 0
4500 20 0
4500 28 1
4714 28 0
4714 32 1
4928 32 0
4928 35 1
5142 35 0
5142 9 1
5142 36 1
5357 9 0
5357 16 1
5571 16 0
5571 21 1
5785 36 0
5785 21 0
5785 28 1
6000 28 0
6000 40 1
6214 40 0
6214 39 1
6428 39 0
6428 40 1
6642 40 0
6642 39 1
6857 39 0
6857 40 1
7071 40 0
7071 35 1
7285 35 0
7285 38 1
7500 38 0
7500 36 1
7714 36 0
7714 9 1
7714 33 1
7928 9 0
7928 16 1
8142 16 0
8142 21 1
8357 33 0
8357 21 0
8357 24 1
8571 24 0
8571 28 1
8785 28 0
8785 33 1
9000 33 0
9000 4 1
9000 35 1
9214 4 0
9214 16 1
9428 16 0
9428 20 1
9642 35 0
9642 20 0
9642 28 1
9857 28 0
9857 36 1
10071 36 0
10071 35 1
10285 35 0
10285 9 1
10285 33 1
10500 9 0
10500 16 1
10714 16 0
10714 21 1
10928 33 0
10928 21 0
11142 40 1
11357 40 0
11357 39 1
11571 39 0
11571 40 1
11785 40 0
11785 39 1
12000 39 0
12000 40 1
12214 40 0
12214 35 1
12428 35 0
12428 38 1
12642 38 0
12642 36 1
12857 36 0
12857 9 1
12857 33 1
13071 9 0
13071 16 1
13285 16 0
13285 21 1
13500 21 0
13500 33 0
13500 24 1
13714 24 0
13714 28 1
13928 28 0
13928 33 1
14142 33 0
14142 4 1
14142 35 1
14357 4 0
14357 16 1
14571 16 0
14571 20 1
14785 35 0
14785 20 0
14785 28 1
15000 28 0
15000 32 1
15214 32 0
15214 35 1
15428 35 0
15428 9 1
15428 36 1
15642 9 0
15642 16 1
15857 16 0
15857 36 0
15857 21 1
16071 21 0
16071 28 1
16285 28 0
16285 40 1
16500 40 0
16500 39 1
16714 39 0
16714 40 1
16928 40 0
16928 39 1
17142 39 0
17142 40 1
17357 40 0
17357 35 1
17571 35 0
17571 38 1
17785 38 0
17785 36 1
18000 36 0
18000 9 1
18000 33 1
18214 9 0
18214 16 1
18428 16 0
18428 33 0
18428 21 1
18642 21 0
18642 24 1
18857 24 0
18857 28 1
19071 28 0
19071 33 1
19285 33 0
19285 4 1
19285 35 1
19500 4 0
19500 16 1
19714 16 0
19714 35 0
19714 20 1
19928 20 0
19928 28 1
20142 28 0
20142 36 1
20357 36 0
20357 35 1
20571 35 0
20571 9 1
20571 33 1
20785 9 0
20785 16 1
21000 33 0
21000 16 0
21000 21 1
21214 21 0
21214 35 1
21428 35 0
21428 36 1
21642 36 0
21642 38 1
21857 38 0
21857 12 1
21857 40 1
22071 12 0
22071 19 1
22285 19 0
22285 24 1
22500 40 0
22500 24 0
22500 31 1
22714 31 0
22714 41 1
22928 41 0
22928 40 1
23142 40 0
23142 7 1
23142 38 1
23357 7 0
23357 19 1
23571 19 0
23571 23 1
23785 38 0
23785 23 0
23785 29 1
24000 29 0
24000 40 1
24214 40 0
24214 38 1
24428 38 0
24428 9 1
24428 36 1
24642 9 0
24642 16 1
24857 16 0
24857 21 1
25071 21 0
25071 36 0
25071 28 1
25285 28 0
25285 38 1
25500 38 0
25500 36 1
25714 36 0
25714 4 1
25714 35 1
25928 4 0
25928 16 1
26142 16 0
26142 35 0
26142 28 1
26357 28 0
26357 28 1
26571 28 0
26571 40 1
26785 40 0
26785 28 1
27000 28 0
27000 40 1
27214 40 0
27214 40 1
27428 40 0
27428 52 1
27642 52 0
27642 39 1
27857 39 0
27857 40 1
28071 40 0
28071 39 1
28285 39 0
28285 40 1
28500 40 0
28500 39 1
28714 39 0
28714 40 1
28928 40 0
28928 35 1
29142 35 0
29142 38 1
29357 38 0
29357 36 1
29571 36 0
29571 9 1
29571 33 1
29785 9 0
29785 16 1
30000 16 0
30000 33 0
30000 21 1
30214 21 0
30214 24 1
30428 24 0
30428 28 1
30642 28 0
30642 33 1
30857 33 0
30857 4 1
30857 35 1
31071 4 0
31071 16 1
31285 16 0
31285 35 0
31285 20 1
31500 20 0
31500 28 1
31714 28 0
31714 32 1
31928 32 0
31928 35 1
32142 35 0
32142 9 1
32142 36 1
32357 9 0
32357 16 1
32571 16 0
32571 36 0
32571 21 1
32785 21 0
32785 28 1
33000 28 0
33000 40 1
33214 40 0
33214 39 1
33428 39 0
33428 40 1
33642 40 0
33642 39 1
33857 39 0
33857 40 1
34071 40 0
34071 35 1
34285 35 0
34285 38 1
34500 38 0
34500 36 1
34714 36 0
34714 9 1
34714 33 1
34928 9 0
34928 16 1
35142 16 0
35142 33 0
35142 21 1
35357 21 0
35357 24 1
35571 24 0
35571 28 1
35785 28 0
35785 33 1
36000 33 0
36000 4 1
36000 35 1
36214 4 0
36214 16 1
36428 16 0
36428 35 0
36428 20 1
36642 20 0
36642 28 1
36857 28 0
36857 36 1
37071 36 0
37071 35 1
37285 35 0
37285 9 1
37285 33 1
37500 9 0
37500 16 1
37714 16 0
37714 33 0
37714 21 1
37928 21 0
37928 35 1
38142 35 0
38142 36 1
38357 36 0
38357 38 1
38571 38 0
38571 12 1
38571 40 1
38785 12 0
38785 19 1
39000 19 0
39000 24 1
39214 40 0
39214 24 0
39214 31 1
39428 31 0
39428 41 1
39642 41 0
39642 40 1
39857 40 0
39857 7 1
39857 38 1
40071 7 0
40071 19 1
40285 19 0
40285 23 1
40500 38 0
40500 23 0
40500 29 1
40714 29 0
40714 40 1
40928 40 0
40928 38 1
41142 38 0
41142 9 1
41142 36 1
41357 9 0
41357 16 1
41571 16 0
41571 21 1
41785 36 0
41785 21 0
41785 28 1
42000 28 0
42000 38 1
42214 38 0
42214 36 1
42428 36 0
42428 4 1
42428 35 1
42642 4 0
42642 16 1
42857 16 0
42857 35 0
42857 28 1
43071 28 0
43071 28 1
43285 28 0
43285 40 1
43500 40 0
43500 28 1
43714 28 0
43714 40 1
43928 40 0
43928 40 1
44142 40 0
44142 52 1
44357 52 0
44357 39 1
44571 39 0
44571 40 1
44785 40 0
44785 39 1
45000 39 0
45000 40 1
45214 40 0
45214 39 1
45428 39 0
45428 40 1
45642 40 0
45642 35 1
45857 35 0
45857 38 1
46071 38 0
46071 36 1
46285 36 0
46285 9 1
46285 33 1
46500 9 0
46500 16 1
46714 16 0
46714 33 0
46714 21 1
46928 21 0
46928 24 1
47142 24 0
47142 28 1
47357 28 0
47357 33 1
47571 33 0
47571 4 1
47571 35 1
47785 4 0
47785 16 1
48000 16 0
48000 35 0
48000 20 1
48214 20 0
48214 28 1
48428 28 0
48428 32 1
48642 32 0
48642 35 1
48857 35 0
48857 9 1
48857 36 1
49071 9 0
49071 16 1
49285 16 0
49285 36 0
49285 21 1
49500 21 0
49500 28 1
49714 28 0
49714 40 1
49928 40 0
49928 39 1
50142 39 0
50142 40 1
50357 40 0
50357 39 1
50571 39 0
50571 40 1
50785 40 0
50785 35 1
51000 35 0
51000 38 1
51214 38 0
51214 36 1
51428 36 0
51428 9 1
51428 33 1
51642 9 0
51642 16 1
51857 16 0
51857 33 0
51857 21 1
52071 21 0
52071 24 1
52285 24 0
52285 28 1
52500 28 0
52500 33 1
52714 33 0
52714 4 1
52714 35 1
52928 4 0
52928 16 1
53142 16 0
53142 35 0
53142 20 1
53357 20 0
53357 28 1
53571 28 0
53571 36 1
53785 36 0
53785 35 1
54000 35 0
54000 9 1
54000 33 1
54214 9 0
54214 16 1
54428 16 0
54428 33 0
54428 21 1
54642 21 0
54642 36 1
54642 28 1
54642 22 1
54642 24 1
54750 36 0
54750 28 0
54750 22 0
54750 24 0
54857 36 1
54857 29 1
54857 21 1
54857 24 1
54964 36 0
54964 29 0
54964 21 0
54964 24 0
55071 31 1
55071 36 1
55071 28 1
55071 19 1
55071 22 1
55071 24 1
55178 31 0
55178 36 0
55178 28 0
55178 19 0
55178 22 0
55178 24 0
55285 17 1
55285 36 1
55500 17 0
55500 21 1
55714 21 0
55714 24 1
55928 24 0
55928 21 1
56142 21 0
56142 36 0
56142 24 1
56142 41 1
56357 24 0
56357 21 1
56464 41 0
56464 40 1
56571 40 0
56571 21 0
56571 17 1
56571 40 1
56785 17 0
56785 22 1
57000 22 0
57000 40 0
57000 26 1
57000 38 1
57214 26 0
57214 22 1
57428 22 0
57428 38 0
57428 26 1
57428 46 1
57642 26 0
57642 22 1
57750 46 0
57750 45 1
57857 45 0
57857 22 0
57857 17 1
57857 45 1
58071 17 0
58071 45 0
58071 28 1
58071 43 1
58285 28 0
58285 43 0
58285 17 1
58285 19 1
58285 22 1
58285 41 1
58500 17 0
58500 19 0
58500 22 0
58500 41 0
58500 28 1
58500 40 1
58714 28 0
58714 40 0
58714 17 1
58714 19 1
58714 22 1
58714 38 1
58928 17 0
58928 19 0
58928 22 0
58928 38 0
58928 28 1
58928 36 1
59142 28 0
59142 36 0
59142 17 1
59142 34 1
59357 17 0
59357 21 1
59571 21 0
59571 34 0
59571 24 1
59571 33 1
59785 24 0
59785 21 1
60000 21 0
60000 33 0
60000 33 1
60000 24 1
60107 33 0
60107 31 1
60214 24 0
60214 31 0
60214 33 1
60214 21 1
60321 33 0
60321 34 1
60428 21 0
60428 34 0
60428 17 1
60428 36 1
60642 17 0
60642 21 1
60857 21 0
60857 24 1
61071 24 0
61071 21 1
61285 21 0
61285 36 0
61285 24 1
61285 38 1
61500 24 0
61500 38 0
61500 21 1
61500 39 1
61714 21 0
61714 39 0
61714 16 1
61714 40 1
61928 16 0
61928 21 1
62142 21 0
62142 24 1
62357 24 0
62357 40 0
62357 21 1
62357 40 1
62571 21 0
62571 40 0
62571 14 1
62571 26 1
62571 41 1
62785 14 0
62785 26 0
62785 41 0
62785 17 1
62785 33 1
63000 17 0
63000 33 0
63000 19 1
63000 36 1
63214 19 0
63214 28 1
63428 28 0
63428 19 1
63642 19 0
63642 28 1
63857 28 0
63857 36 0
63857 19 1
63857 38 1
64071 19 0
64071 29 1
64178 38 0
64178 35 1
64285 29 0
64285 35 0
64285 36 1
64285 28 1
64285 24 1
64392 36 0
64392 43 1
64500 43 0
64500 31 1
64607 31 0
64607 43 1
64714 28 0
64714 24 0
64714 43 0
64714 33 1
64821 33 0
64821 43 1
64928 43 0
64928 29 1
64928 31 1
64928 35 1
65035 29 0
65035 31 0
65035 35 0
65035 43 1
65142 43 0
65142 28 1
65142 31 1
65142 36 1
65250 28 0
65250 31 0
65250 36 0
65250 43 1
65357 43 0
65357 26 1
65357 29 1
65357 31 1
65357 38 1
65464 26 0
65464 29 0
65464 31 0
65464 38 0
65464 43 1
65571 43 0
65571 40 1
65571 31 1
65571 28 1
65571 24 1
65678 40 0
65678 43 1
65785 31 0
65785 28 0
65785 24 0
65785 43 0
65785 48 1
65892 48 0
65892 47 1
66000 47 0
66000 45 1
66000 21 1
66000 17 1
66107 45 0
66107 43 1
66214 21 0
66214 17 0
66214 43 0
66214 41 1
66321 41 0
66321 38 1
66428 38 0
66428 36 1
66428 23 1
66428 19 1
66535 36 0
66535 43 1
66642 23 0
66642 19 0
66642 43 0
66642 41 1
66750 41 0
66750 38 1
66857 38 0
66857 36 1
66857 24 1
66964 36 0
66964 43 1
67071 24 0
67071 43 0
67071 31 1
67178 31 0
67178 43 1
67285 43 0
67285 33 1
67392 33 0
67392 43 1
67500 43 0
67500 29 1
67500 31 1
67500 35 1
67607 29 0
67607 31 0
67607 35 0
67607 43 1
67714 43 0
67714 28 1
67714 31 1
67714 36 1
67821 28 0
67821 31 0
67821 36 0
67821 43 1
67928 43 0
67928 26 1
67928 29 1
67928 31 1
67928 38 1
68035 26 0
68035 29 0
68035 31 0
68035 38 0
68035 43 1
68142 43 0
68142 40 1
68142 31 1
68142 28 1
68142 24 1
68250 40 0
68250 43 1
68357 31 0
68357 28 0
68357 24 0
68357 43 0
68357 48 1
68464 48 0
68464 47 1
68571 47 0
68571 45 1
68571 21 1
68571 17 1
68678 45 0
68678 43 1
68785 21 0
68785 17 0
68785 43 0
68785 41 1
68892 41 0
68892 40 1
69000 40 0
69000 38 1
69000 23 1
69000 19 1
69107 38 0
69107 43 1
69214 23 0
69214 19 0
69214 43 0
69214 41 1
69321 41 0
69321 38 1
69428 38 0
69428 40 1
69428 23 1
69428 20 1
69535 40 0
69535 41 1
69642 23 0
69642 20 0
69642 41 0
69642 40 1
69750 40 0
69750 39 1
69857 39 0
69857 40 1
69964 40 0
69964 35 1
70071 35 0
70071 40 1
70178 40 0
70178 39 1
70285 39 0
70285 40 1
70392 40 0
70392 35 1
70500 35 0
70500 40 1
70607 40 0
70607 39 1
70714 39 0
70714 40 1
71357 40 0
71357 35 1
71571 35 0
71571 40 1
71785 40 0
71785 39 1
72000 39 0
72000 40 1
72642 40 0
72642 35 1
72857 35 0
72857 40 1
73071 40 0
73071 39 1
73285 39 0
73285 40 1
73500 40 0
73500 39 1
73714 39 0
73714 40 1
73928 40 0
73928 39 1
74142 39 0
74142 40 1
74357 40 0
74357 39 1
74571 39 0
74571 40 1
74785 40 0
74785 39 1
75000 39 0
75000 40 1
75214 40 0
75214 35 1
75428 35 0
75428 38 1
75642 38 0
75642 36 1
75857 36 0
75857 9 1
75857 33 1
76071 9 0
76071 16 1
76285 16 0
76285 21 1
76500 33 0
76500 21 0
76500 24 1
76714 24 0
76714 28 1
76928 28 0
76928 33 1
77142 33 0
77142 4 1
77142 35 1
77357 4 0
77357 16 1
77571 16 0
77571 20 1
77785 35 0
77785 20 0
77785 28 1
78000 28 0
78000 32 1
78214 32 0
78214 35 1
78428 35 0
78428 9 1
78428 36 1
78642 9 0
78642 16 1
78857 16 0
78857 21 1
79071 36 0
79071 21 0
79071 28 1
79285 28 0
79285 40 1
79500 40 0
79500 39 1
79714 39 0
79714 40 1
79928 40 0
79928 39 1
80142 39 0
80142 40 1
80357 40 0
80357 35 1
80571 35 0
80571 38 1
80785 38 0
80785 36 1
81000 36 0
81000 9 1
81000 33 1
81214 9 0
81214 16 1
81428 16 0
81428 21 1
81642 33 0
81642 21 0
81642 24 1
81857 24 0
81857 28 1
82071 28 0
82071 33 1
82285 33 0
82285 4 1
82285 35 1
82500 4 0
82500 16 1
82714 16 0
82714 20 1
82928 35 0
82928 20 0
82928 28 1
83142 28 0
83142 36 1
83357 36 0
83357 35 1
83571 35 0
83571 9 1
83571 33 1
83785 9 0
83785 16 1
84000 16 0
84000 21 1
84214 33 0
84214 21 0
84428 40 1
84642 40 0
84642 39 1
84857 39 0
84857 40 1
85071 40 0
85071 39 1
85285 39 0
85285 40 1
85500 40 0
85500 35 1
85714 35 0
85714 38 1
85928 38 0
85928 36 1
86142 36 0
86142 9 1
86142 33 1
86357 9 0
86357 16 1
86571 16 0
86571 21 1
86785 21 0
86785 33 0
86785 24 1
87000 24 0
87000 28 1
87214 28 0
87214 33 1
87428 33 0
87428 4 1
87428 35 1
87642 4 0
87642 16 1
87857 16 0
87857 20 1
88071 20 0
88071 35 0
88071 28 1
88285 28 0
88285 32 1
88500 32 0
88500 35 1
88714 35 0
88714 9 1
88714 36 1
88928 9 0
88928 16 1
89142 16 0
89142 36 0
89142 21 1
89357 21 0
89357 28 1
89571 28 0
89571 40 1
89785 40 0
89785 39 1
90000 39 0
90000 40 1
90214 40 0
90214 39 1
90428 39 0
90428 40 1
90642 40 0
90642 35 1
90857 35 0
90857 38 1
91071 38 0
91071 36 1
91285 36 0
91285 9 1
91285 33 1
91500 9 0
91500 16 1
91714 16 0
91714 33 0
91714 21 1
91928 21 0
91928 24 1
92142 24 0
92142 28 1
92357 28 0
92357 33 1
92571 33 0
92571 4 1
92571 35 1
92785 4 0
92785 16 1
93000 16 0
93000 35 0
93000 20 1
93214 20 0
93214 28 1
93428 28 0
93428 36 1
93642 36 0
93642 35 1
93857 35 0
93857 9 1
93857 33 1
94071 9 0
94071 16 1
94285 33 0
94285 16 0
94285 21 1
94500 21 0
94500 35 1
94714 35 0
94714 36 1
94928 36 0
94928 38 1
95142 38 0
95142 12 1
95142 40 1
95357 12 0
95357 19 1
95571 19 0
95571 24 1
95785 40 0
95785 24 0
95785 31 1
96000 31 0
96000 41 1
96214 41 0
96214 40 1
96428 40 0
96428 7 1
96428 38 1
96642 7 0
96642 19 1
96857 19 0
96857 23 1
97071 38 0
97071 23 0
97071 29 1
97285 29 0
97285 40 1
97500 40 0
97500 38 1
97714 38 0
97714 9 1
97714 36 1
97928 9 0
97928 16 1
98142 16 0
98142 21 1
98357 21 0
98357 36 0
98357 28 1
98571 28 0
98571 38 1
98785 38 0
98785 36 1
99000 36 0
99000 4 1
99000 35 1
99214 4 0
99214 16 1
99428 16 0
99428 35 0
99428 28 1
99642 28 0
99642 28 1
99857 28 0
99857 40 1
100071 40 0
100071 28 1
100285 28 0
100285 40 1
100500 40 0
100500 40 1
100714 40 0
100714 52 1
100928 52 0
100928 39 1
101142 39 0
101142 40 1
101357 40 0
101357 39 1
101571 39 0
101571 40 1
101785 40 0
101785 39 1
102000 39 0
102000 40 1
102214 40 0
102214 35 1
102428 35 0
102428 38 1
102642 38 0
102642 36 1
102857 36 0
102857 9 1
102857 33 1
103071 9 0
103071 16 1
103285 16 0
103285 33 0
103285 21 1
103500 21 0
103500 24 1
103714 24 0
103714 28 1
103928 28 0
103928 33 1
104142 33 0
104142 4 1
104142 35 1
104357 4 0
104357 16 1
104571 16 0
104571 35 0
104571 20 1
104785 20 0
104785 28 1
105000 28 0
105000 32 1
105214 32 0
105214 35 1
105428 35 0
105428 9 1
105428 36 1
105642 9 0
105642 16 1
105857 16 0
105857 36 0
105857 21 1
106071 21 0
106071 28 1
106285 28 0
106285 40 1
106500 40 0
106500 39 1
106714 39 0
106714 40 1
106928 40 0
106928 39 1
107142 39 0
107142 40 1
107357 40 0
107357 35 1
107571 35 0
107571 38 1
107785 38 0
107785 36 1
108000 36 0
108000 9 1
108000 33 1
108214 9 0
108214 16 1
108428 16 0
108428 33 0
108428 21 1
108642 21 0
108642 24 1
108857 24 0
108857 28 1
109071 28 0
109071 33 1
109285 33 0
109285 4 1
109285 35 1
109500 4 0
109500 16 1
109714 16 0
109714 35 0
109714 20 1
109928 20 0
109928 28 1
110142 28 0
110142 36 1
110357 36 0
110357 35 1
110571 35 0
110571 9 1
110571 33 1
110678 9 0
110785 9 1
110892 9 0
111000 33 0
111000 9 1
111107 9 0
111214 9 1
111321 9 0
111428 9 1
111535 9 0
111642 9 1
111750 9 0
111857 9 1
111857 28 1
111857 31 1
111857 34 1
111857 37 1
111964 9 0
112071 9 1
112178 9 0
112285 9 1
112392 9 0
112500 9 1
112607 9 0
112714 9 1
112821 9 0
112928 9 1
113035 9 0
113142 28 0
113142 31 0
113142 34 0
113142 37 0
113142 9 1
113142 33 1
113142 29 1
113142 38 1
113250 9 0
113357 9 1
113464 9 0
113571 9 1
113678 9 0
113785 9 1
113892 9 0
114000 33 0
114000 29 0
114000 38 0
114000 9 1
114000 40 1
114000 37 1
114107 9 0
114214 40 0
114214 37 0
114214 9 1
114214 41 1
114214 38 1
114321 9 0
114428 41 0
114428 38 0
114428 9 1
114428 32 1
114428 38 1
114428 41 1
114535 9 0
114642 9 1
114750 9 0
114857 9 1
114964 9 0
115071 9 1
115178 9 0
115285 32 0
115285 38 0
115285 41 0
115285 9 1
115285 32 1
115285 38 1
115285 41 1
115392 9 0
115500 9 1
115607 9 0
115714 32 0
115714 38 0
115714 41 0
115714 9 1
115714 40 1
115714 36 1
115714 33 1
115821 9 0
115928 9 1
116035 9 0
116142 9 1
116250 9 0
116357 9 1
116464 9 0
116571 9 1
116678 9 0
116785 9 1
116892 9 0
117000 40 0
117000 36 0
117000 33 0
117000 2 1
117000 9 1
117000 29 1
117000 38 1
117107 2 0
117107 9 0
117214 2 1
117214 9 1
117321 2 0
117321 9 0
117428 2 1
117428 9 1
117535 2 0
117535 9 0
117642 2 1
117642 9 1
117750 2 0
117750 9 0
117857 29 0
117857 38 0
117857 2 1
117857 9 1
117857 28 1
117857 36 1
117964 2 0
117964 9 0
118071 28 0
118071 36 0
118071 2 1
118071 9 1
118071 26 1
118071 35 1
118178 2 0
118178 9 0
118285 26 0
118285 35 0
118285 9 1
118285 3 1
118285 33 1
118285 30 1
118285 24 1
118392 9 0
118392 3 0
118500 3 1
118500 9 1
118553 3 0
118607 9 0
118714 3 1
118714 9 1
118767 3 0
118821 9 0
118928 3 1
118928 9 1
118941 3 0
119035 9 0
119142 33 0
119142 30 0
119142 24 0
119142 3 1
119142 9 1
119142 33 1
119142 24 1
119196 3 0
119250 9 0
119357 3 1
119357 9 1
119410 3 0
119464 9 0
119571 33 0
119571 24 0
119571 4 1
119571 9 1
119571 24 1
119571 33 1
119678 4 0
119678 9 0
119785 4 1
119785 9 1
119892 4 0
119892 9 0
120000 24 0
120000 33 0
120000 4 1
120000 9 1
120000 28 1
120000 36 1
120107 4 0
120107 9 0
120214 4 1
120214 9 1
120321 4 0
120321 9 0
120428 28 0
120428 36 0
120428 4 1
120428 8 1
120428 26 1
120428 35 1
120535 4 0
120535 8 0
120642 4 1
120642 8 1
120750 4 0
120750 8 0
120857 26 0
120857 35 0
120857 9 1
120857 24 1
120857 33 1
120964 9 0
121071 9 1
121178 9 0
121285 9 1
121392 9 0
121500 9 1
121607 9 0
121714 9 1
121821 9 0
121928 9 1
122035 9 0
122142 24 0
122142 33 0
122142 9 1
122142 28 1
122142 37 1
122142 34 1
122142 31 1
122250 9 0
122357 9 1
122464 9 0
122571 9 1
122678 9 0
122785 9 1
122892 9 0
123000 9 1
123107 9 0
123214 9 1
123321 9 0
123428 28 0
123428 37 0
123428 34 0
123428 31 0
123428 9 1
123428 29 1
123428 33 1
123428 38 1
123535 9 0
123642 9 1
123750 9 0
123857 9 1
123964 9 0
124071 9 1
124178 9 0
124285 29 0
124285 33 0
124285 38 0
124285 9 1
124285 40 1
124285 37 1
124392 9 0
124500 40 0
124500 37 0
124500 9 1
124500 41 1
124500 38 1
124607 9 0
124714 41 0
124714 38 0
124714 9 1
124714 41 1
124714 38 1
124821 9 0
124928 9 1
125035 9 0
125142 9 1
125250 9 0
125357 9 1
125464 9 0
125571 41 0
125571 38 0
125571 9 1
125571 41 1
125571 38 1
125678 9 0
125785 9 1
125892 9 0
126000 41 0
126000 38 0
126000 10 1
126000 41 1
126000 38 1
126107 10 0
126214 10 1
126321 10 0
126428 10 1
126535 10 0
126642 10 1
126750 10 0
126857 10 1
126964 10 0
127071 10 1
127178 10 0
127285 41 0
127285 38 0
127285 10 1
127285 31 1
127285 39 1
127392 10 0
127500 10 1
127607 10 0
127714 10 1
127821 10 0
127928 10 1
128035 10 0
128142 31 0
128142 39 0
128142 10 1
128142 29 1
128142 38 1
128250 10 0
128357 29 0
128357 38 0
128357 10 1
128357 27 1
128357 36 1
128464 10 0
128571 27 0
128571 36 0
128571 10 1
128571 26 1
128571 29 1
128571 34 1
128678 10 0
128785 10 1
128892 10 0
129000 10 1
129107 10 0
129214 10 1
129321 10 0
129428 26 0
129428 29 0
129428 34 0
129428 10 1
129428 33 1
129428 29 1
129428 26 1
129535 10 0
129642 10 1
129750 10 0
129857 33 0
129857 29 0
129857 26 0
129857 11 1
129857 32 1
129857 29 1
129857 26 1
130071 11 0
130071 11 1
130285 11 0
130285 11 1
130500 11 0
130500 11 1
130714 32 0
130714 29 0
130714 26 0
130714 11 0
130714 11 1
130714 32 1
130714 29 1
130714 26 1
130928 11 0
130928 11 1
131142 32 0
131142 29 0
131142 26 0
131142 11 0
131142 12 1
131142 33 1
131142 28 1
131142 24 1
132000 12 0
132000 33 0
132000 28 0
132000 24 0
132428 20 1
132428 16 1
132428 29 1
132428 28 1
132428 35 1
132642 20 0
132642 16 0
132642 29 0
132642 28 0
132642 35 0
133714 24 1
133857 24 0
133857 24 1
134000 24 0
134000 28 1
134142 28 0
134142 33 1
134285 33 0
134285 36 1
134428 36 0
134428 40 1
134571 40 0
134571 38 1
134571 28 1
134571 24 1
134571 21 1
134714 38 0
134714 36 1
134857 36 0
134857 35 1
135000 28 0
135000 24 0
135000 21 0
135000 35 0
135000 33 1
135000 21 1
135000 24 1
135000 28 1
135142 33 0
135142 36 1
135285 36 0
135285 40 1
135428 21 0
135428 24 0
135428 28 0
135428 40 0
135428 45 1
135571 45 0
135571 48 1
135714 48 0
135714 52 1
135857 52 0
135857 50 1
135857 21 1
135857 24 1
135857 28 1
136000 50 0
136000 48 1
136142 48 0
136142 47 1
136285 21 0
136285 24 0
136285 28 0
136285 47 0
136285 45 1
136285 21 1
136285 24 1
136285 28 1
136428 45 0
136428 48 1
136571 48 0
136571 52 1
136714 21 0
136714 24 0
136714 28 0
136714 52 0
136714 57 1
136857 57 0
136857 60 1
137000 60 0
137142 28 1
137142 24 1
137142 21 1
137285 60 1
137428 60 0
137428 59 1
137571 28 0
137571 24 0
137571 21 0
137571 59 0
137571 58 1
137571 21 1
137571 24 1
137571 28 1
137714 58 0
137714 57 1
137857 57 0
137857 56 1
138000 21 0
138000 24 0
138000 28 0
138000 56 0
138000 55 1
138142 55 0
138142 54 1
138285 54 0
138285 53 1
138428 53 0
138428 52 1
138571 52 0
138571 51 1
138714 51 0
138714 50 1
138857 50 0
138857 49 1
139000 49 0
139000 48 1
139142 48 0
139142 47 1
139285 47 0
139285 46 1
139428 46 0
139428 45 1
139571 45 0
139571 44 1
139714 44 0
139714 43 1
139857 43 0
139857 42 1
140000 42 0
140000 41 1
140142 41 0
140142 40 1
140357 40 0
140357 39 1
140571 39 0
140571 40 1
140785 40 0
140785 35 1
141000 35 0
141000 38 1
141214 38 0
141214 36 1
141428 36 0
141428 9 1
141428 33 1
141642 9 0
141642 16 1
141857 16 0
141857 33 0
141857 21 1
142071 21 0
142071 24 1
142285 24 0
142285 28 1
142500 28 0
142500 33 1
142714 33 0
142714 4 1
142714 35 1
142928 4 0
142928 16 1
143142 16 0
143142 35 0
143142 20 1
143357 20 0
143357 28 1
143571 28 0
143571 32 1
143785 32 0
143785 35 1
144000 35 0
144000 9 1
144000 36 1
144214 9 0
144214 16 1
144428 16 0
144428 36 0
144428 21 1
144642 21 0
144642 28 1
144857 28 0
144857 40 1
145071 40 0
145071 39 1
145285 39 0
145285 40 1
145500 40 0
145500 39 1
145714 39 0
145714 40 1
145928 40 0
145928 35 1
146142 35 0
146142 38 1
146357 38 0
146357 36 1
146571 36 0
146571 9 1
146571 33 1
146785 9 0
146785 16 1
147000 16 0
147000 33 0
147000 21 1
147214 21 0
147214 24 1
147428 24 0
147428 28 1
147642 28 0
147642 33 1
147857 33 0
147857 4 1
147857 35 1
148071 4 0
148071 16 1
148285 16 0
148285 35 0
148285 20 1
148500 20 0
148500 28 1
148714 28 0
148714 36 1
148928 36 0
148928 35 1
149142 35 0
149142 9 1
149142 33 1
149357 9 0
149357 16 1
149571 16 0
149571 33 0
149571 21 1
149785 21 0
149785 35 1
150000 35 0
150000 36 1
150214 36 0
150214 38 1
150428 38 0
150428 12 1
150428 40 1
150642 12 0
150642 19 1
150857 19 0
150857 24 1
151071 40 0
151071 24 0
151071 31 1
151285 31 0
151285 41 1
151500 41 0
151500 40 1
151714 40 0
151714 7 1
151714 38 1
151928 7 0
151928 19 1
152142 19 0
152142 23 1
152357 38 0
152357 23 0
152357 29 1
152571 29 0
152571 40 1
152785 40 0
152785 38 1
153000 38 0
153000 9 1
153000 36 1
153214 9 0
153214 16 1
153428 16 0
153428 21 1
153642 36 0
153642 21 0
153642 28 1
153857 28 0
153857 38 1
154071 38 0
154071 36 1
154285 36 0
154285 4 1
154285 35 1
154500 4 0
154500 16 1
154714 16 0
154714 35 0
154714 28 1
154928 28 0
154928 28 1
155142 28 0
155142 40 1
155357 40 0
155357 28 1
155571 28 0
155571 40 1
155785 40 0
155785 40 1
156000 40 0
156000 52 1
156214 52 0
156214 39 1
156428 39 0
156428 40 1
156642 40 0
156642 39 1
156857 39 0
156857 40 1
157071 40 0
157071 39 1
157285 39 0
157285 40 1
157500 40 0
157500 35 1
157714 35 0
157714 38 1
157928 38 0
157928 36 1
158142 36 0
158142 9 1
158142 33 1
158357 9 0
158357 16 1
158571 16 0
158571 33 0
158571 21 1
158785 21 0
158785 24 1
159000 24 0
159000 28 1
159214 28 0
159214 33 1
159428 33 0
159428 4 1
159428 35 1
159642 4 0
159642 16 1
159857 16 0
159857 35 0
159857 20 1
160071 20 0
160071 28 1
160285 28 0
160285 32 1
160500 32 0
160500 35 1
160714 35 0
160714 9 1
160714 36 1
160928 9 0
160928 16 1
161142 16 0
161142 36 0
161142 21 1
161357 21 0
161357 28 1
161571 28 0
161571 40 1
161785 40 0
161785 39 1
162000 39 0
162000 40 1
162214 40 0
162214 39 1
162428 39 0
162428 40 1
162642 40 0
162642 35 1
162857 35 0
162857 38 1
163071 38 0
163071 36 1
163285 36 0
163285 9 1
163285 33 1
163500 9 0
163500 16 1
163714 16 0
163714 33 0
163714 21 1
163928 21 0
163928 24 1
164142 24 0
164142 28 1
164357 28 0
164357 33 1
164571 33 0
164571 4 1
164571 35 1
164785 4 0
164785 16 1
165000 16 0
165000 35 0
165000 20 1
165214 20 0
165214 28 1
165428 28 0
165428 36 1
165642 36 0
165642 35 1
165857 35 0
165857 9 1
165857 24 1
165857 33 1
167142 9 0
167142 24 0
167142 33 0
