454 38 1
677 38 0
681 40 1
904 40 0
909 42 1
1131 42 0
1136 40 1
1358 40 0
1363 38 1
1586 38 0
1590 40 1
1813 40 0
1818 26 1
1818 33 1
1818 38 1
1818 42 1
2196 26 0
2196 33 0
2196 38 0
2196 42 0
2272 38 1
2495 38 0
2499 33 1
2722 33 0
2727 42 1
2949 42 0
2954 40 1
3333 40 0
3409 19 1
3409 31 1
3409 38 1
3409 43 1
3858 19 0
3858 31 0
3858 38 0
3858 43 0
3863 31 1
4086 31 0
4090 38 1
4313 38 0
4318 31 1
4540 31 0
4545 43 1
4767 43 0
4772 42 1
4995 42 0
4999 40 1
5222 40 0
5227 38 1
5449 38 0
5454 26 1
5454 33 1
5454 38 1
5454 42 1
5833 26 0
5833 33 0
5833 38 0
5833 42 0
5909 38 1
6131 38 0
6136 33 1
6358 33 0
6363 42 1
6586 42 0
6590 40 1
6969 40 0
7045 21 1
7045 28 1
7045 33 1
7045 37 1
7495 21 0
7495 28 0
7495 33 0
7495 37 0
7499 28 1
7722 28 0
7727 37 1
7949 37 0
7954 33 1
8177 33 0
8181 38 1
8404 38 0
8409 37 1
8631 37 0
8636 33 1
8858 33 0
8863 37 1
9086 37 0
9090 23 1
9090 30 1
9090 35 1
9090 38 1
9469 23 0
9469 30 0
9469 35 0
9469 38 0
9545 30 1
9924 30 0
9999 38 1
10222 38 0
10227 37 1
10449 37 0
10454 35 1
10677 35 0
10681 19 1
10681 31 1
10681 38 1
10681 43 1
11131 19 0
11131 31 0
11131 38 0
11131 43 0
11136 31 1
11358 31 0
11363 38 1
11586 38 0
11590 31 1
11813 31 0
11818 43 1
12040 43 0
12045 42 1
12267 42 0
12272 40 1
12495 40 0
12499 38 1
12722 38 0
12727 26 1
12727 33 1
12727 38 1
12727 42 1
13106 26 0
13106 33 0
13106 38 0
13106 42 0
13181 38 1
13404 38 0
13409 33 1
13631 33 0
13636 42 1
13858 42 0
13863 40 1
14242 40 0
14318 21 1
14318 28 1
14318 31 1
14318 38 1
14318 40 1
14767 21 0
14767 28 0
14767 31 0
14767 38 0
14767 40 0
14772 28 1
14995 28 0
14999 31 1
15222 31 0
15227 38 1
15449 38 0
15454 42 1
15677 42 0
15681 40 1
15904 40 0
15909 38 1
16131 38 0
16136 40 1
16358 40 0
16363 26 1
16363 33 1
16363 38 1
16363 42 1
16742 26 0
16742 33 0
16742 38 0
16742 42 0
16818 38 1
17040 38 0
17045 33 1
17267 33 0
17272 42 1
17495 42 0
17499 40 1
17878 40 0
17954 19 1
17954 31 1
17954 38 1
17954 43 1
18404 19 0
18404 31 0
18404 38 0
18404 43 0
18409 31 1
18631 31 0
18636 38 1
18858 38 0
18863 31 1
19086 31 0
19090 43 1
19313 43 0
19318 42 1
19540 42 0
19545 40 1
19767 40 0
19772 38 1
19995 38 0
19999 26 1
19999 33 1
19999 38 1
19999 42 1
20378 26 0
20378 33 0
20378 38 0
20378 42 0
20454 38 1
20677 38 0
20681 33 1
20904 33 0
20909 42 1
21131 42 0
21136 40 1
21515 40 0
21590 21 1
21590 28 1
21590 33 1
21590 37 1
22040 21 0
22040 28 0
22040 33 0
22040 37 0
22045 28 1
22267 28 0
22272 37 1
22495 37 0
22499 33 1
22722 33 0
22727 38 1
22949 38 0
22954 37 1
23177 37 0
23181 33 1
23404 33 0
23409 37 1
23631 37 0
23636 23 1
23636 30 1
23636 35 1
23636 38 1
24015 23 0
24015 30 0
24015 35 0
24015 38 0
24090 30 1
24469 30 0
24545 38 1
24767 38 0
24772 37 1
24995 37 0
24999 35 1
25222 35 0
25227 19 1
25227 31 1
25227 38 1
25227 43 1
25677 19 0
25677 31 0
25677 38 0
25677 43 0
25681 31 1
25904 31 0
25909 38 1
26131 38 0
26136 31 1
26358 31 0
26363 43 1
26586 43 0
26590 42 1
26813 42 0
26818 40 1
27040 40 0
27045 38 1
27267 38 0
27272 26 1
27272 33 1
27272 38 1
27272 42 1
27651 26 0
27651 33 0
27651 38 0
27651 42 0
27727 38 1
27949 38 0
27954 33 1
28177 33 0
28181 42 1
28404 42 0
28409 40 1
28787 40 0
28863 21 1
28863 28 1
28863 31 1
28863 38 1
28863 40 1
29313 21 0
29313 28 0
29313 31 0
29313 38 0
29313 40 0
29318 28 1
29540 28 0
29545 31 1
29767 31 0
29772 38 1
29995 38 0
29999 42 1
30222 42 0
30227 40 1
30449 40 0
30454 38 1
30677 38 0
30681 40 1
30904 40 0
30909 26 1
30909 33 1
30909 38 1
30909 42 1
31287 26 0
31287 33 0
31287 38 0
31287 42 0
31363 38 1
31586 38 0
31590 33 1
31813 33 0
31818 42 1
32040 42 0
32045 40 1
32424 40 0
32499 19 1
32499 31 1
32499 38 1
32499 43 1
32949 19 0
32949 31 0
32949 38 0
32949 43 0
32954 31 1
33177 31 0
33181 38 1
33404 38 0
33409 31 1
33631 31 0
33636 43 1
33858 43 0
33863 42 1
34086 42 0
34090 40 1
34313 40 0
34318 38 1
34540 38 0
34545 26 1
34545 33 1
34545 38 1
34545 42 1
34924 26 0
34924 33 0
34924 38 0
34924 42 0
34999 38 1
35222 38 0
35227 33 1
35449 33 0
35454 42 1
35677 42 0
35681 40 1
36060 40 0
36136 21 1
36136 28 1
36136 33 1
36136 37 1
36586 21 0
36586 28 0
36586 33 0
36586 37 0
36590 28 1
36813 28 0
36818 37 1
37040 37 0
37045 33 1
37267 33 0
37272 38 1
37495 38 0
37499 37 1
37722 37 0
37727 33 1
37949 33 0
37954 37 1
38177 37 0
38181 23 1
38181 30 1
38181 35 1
38181 38 1
38560 23 0
38560 30 0
38560 35 0
38560 38 0
38636 30 1
39015 30 0
39090 38 1
39313 38 0
39318 37 1
39540 37 0
39545 35 1
39767 35 0
39772 19 1
39772 31 1
39772 38 1
39772 43 1
40222 19 0
40222 31 0
40222 38 0
40222 43 0
40227 31 1
40449 31 0
40454 38 1
40677 38 0
40681 31 1
40904 31 0
40909 43 1
41131 43 0
41136 42 1
41358 42 0
41363 40 1
41586 40 0
41590 38 1
41813 38 0
41818 26 1
41818 33 1
41818 38 1
41818 42 1
42196 26 0
42196 33 0
42196 38 0
42196 42 0
42272 38 1
42495 38 0
42499 33 1
42722 33 0
42727 42 1
42949 42 0
42954 40 1
43333 40 0
43409 21 1
43409 28 1
43409 31 1
43409 38 1
43409 40 1
43858 21 0
43858 28 0
43858 31 0
43858 38 0
43858 40 0
43863 28 1
44086 28 0
44090 31 1
44313 31 0
44318 38 1
44540 38 0
44545 42 1
44767 42 0
44772 40 1
44995 40 0
44999 38 1
45222 38 0
45227 40 1
45449 40 0
45454 26 1
45454 33 1
45454 38 1
45454 42 1
45833 26 0
45833 33 0
45833 38 0
45833 42 0
45909 38 1
46131 38 0
46136 33 1
46358 33 0
46363 42 1
46586 42 0
46590 40 1
46969 40 0
47045 19 1
47045 31 1
47045 38 1
47045 43 1
47495 19 0
47495 31 0
47495 38 0
47495 43 0
47499 31 1
47722 31 0
47727 38 1
47949 38 0
47954 31 1
48177 31 0
48181 43 1
48404 43 0
48409 42 1
48631 42 0
48636 40 1
48858 40 0
48863 38 1
49086 38 0
49090 26 1
49090 33 1
49090 38 1
49090 42 1
49469 26 0
49469 33 0
49469 38 0
49469 42 0
49545 38 1
49767 38 0
49772 33 1
49995 33 0
49999 42 1
50222 42 0
50227 40 1
50606 40 0
50681 21 1
50681 28 1
50681 33 1
50681 37 1
51131 21 0
51131 28 0
51131 33 0
51131 37 0
51136 28 1
51358 28 0
51363 37 1
51586 37 0
51590 33 1
51813 33 0
51818 38 1
52040 38 0
52045 37 1
52267 37 0
52272 33 1
52495 33 0
52499 37 1
52722 37 0
52727 23 1
52727 30 1
52727 35 1
52727 38 1
53106 23 0
53106 30 0
53106 35 0
53106 38 0
53181 30 1
53560 30 0
53636 38 1
53858 38 0
53863 37 1
54086 37 0
54090 35 1
54313 35 0
54318 19 1
54318 31 1
54318 38 1
54318 43 1
54767 19 0
54767 31 0
54767 38 0
54767 43 0
54772 31 1
54995 31 0
54999 38 1
55222 38 0
55227 31 1
55449 31 0
55454 43 1
55677 43 0
55681 42 1
55904 42 0
55909 40 1
56131 40 0
56136 38 1
56358 38 0
56363 26 1
56363 33 1
56363 38 1
56363 42 1
56742 26 0
56742 33 0
56742 38 0
56742 42 0
56818 38 1
57040 38 0
57045 33 1
57267 33 0
57272 42 1
57495 42 0
57499 40 1
57878 40 0
57954 21 1
57954 28 1
57954 31 1
57954 38 1
57954 40 1
58404 21 0
58404 28 0
58404 31 0
58404 38 0
58404 40 0
58409 28 1
58631 28 0
58636 31 1
58858 31 0
58863 38 1
59086 38 0
59090 42 1
59313 42 0
59318 40 1
59540 40 0
59545 38 1
59767 38 0
59772 40 1
59995 40 0
59999 19 1
59999 26 1
59999 31 1
59999 38 1
59999 43 1
60795 19 0
60795 26 0
60795 31 0
60795 38 0
60795 43 0
60909 43 1
61131 43 0
61136 42 1
61515 42 0
61590 21 1
61590 28 1
61590 33 1
61590 37 1
62040 21 0
62040 28 0
62040 33 0
62040 37 0
62045 28 1
62267 28 0
62272 33 1
62495 33 0
62499 37 1
62722 37 0
62727 38 1
62949 38 0
62954 37 1
63177 37 0
63181 33 1
63404 33 0
63409 37 1
63631 37 0
63636 23 1
64015 23 0
64090 30 1
64469 30 0
64545 38 1
64767 38 0
64772 37 1
64995 37 0
64999 35 1
65222 35 0
65227 19 1
65227 31 1
65227 38 1
65227 43 1
65677 19 0
65677 31 0
65677 38 0
65677 43 0
65681 31 1
65904 31 0
65909 38 1
66131 38 0
66136 31 1
66358 31 0
66363 43 1
66586 43 0
66590 42 1
66813 42 0
66818 40 1
67040 40 0
67045 38 1
67267 38 0
67272 26 1
67272 33 1
67272 38 1
67272 42 1
67651 26 0
67651 33 0
67651 38 0
67651 42 0
67727 38 1
67949 38 0
67954 33 1
68177 33 0
68181 42 1
68404 42 0
68409 40 1
68787 40 0
68863 21 1
68863 28 1
68863 31 1
68863 38 1
68863 40 1
69313 21 0
69313 28 0
69313 31 0
69313 38 0
69313 40 0
69318 28 1
69540 28 0
69545 31 1
69767 31 0
69772 38 1
69995 38 0
69999 42 1
70222 42 0
70227 40 1
70449 40 0
70454 38 1
70677 38 0
70681 40 1
70904 40 0
70909 26 1
70909 33 1
70909 38 1
70909 42 1
71287 26 0
71287 33 0
71287 38 0
71287 42 0
71363 38 1
71586 38 0
71590 33 1
71813 33 0
71818 42 1
72040 42 0
72045 40 1
72424 40 0
72499 19 1
72499 31 1
72499 38 1
72499 43 1
72949 19 0
72949 31 0
72949 38 0
72949 43 0
72954 31 1
73177 31 0
73181 38 1
73404 38 0
73409 31 1
73631 31 0
73636 43 1
73858 43 0
73863 42 1
74086 42 0
74090 40 1
74313 40 0
74318 38 1
74540 38 0
74545 26 1
74545 33 1
74545 38 1
74545 42 1
74924 26 0
74924 33 0
74924 38 0
74924 42 0
74999 38 1
75222 38 0
75227 33 1
75449 33 0
75454 42 1
75677 42 0
75681 40 1
76060 40 0
76136 21 1
76136 28 1
76136 33 1
76136 37 1
76586 21 0
76586 28 0
76586 33 0
76586 37 0
76590 28 1
76813 28 0
76818 37 1
77040 37 0
77045 33 1
77267 33 0
77272 38 1
77495 38 0
77499 37 1
77722 37 0
77727 33 1
77949 33 0
77954 37 1
78177 37 0
78181 23 1
78181 30 1
78181 35 1
78181 38 1
78560 23 0
78560 30 0
78560 35 0
78560 38 0
78636 30 1
79015 30 0
79090 38 1
79313 38 0
79318 37 1
79540 37 0
79545 35 1
79767 35 0
79772 19 1
79772 31 1
79772 38 1
79772 43 1
80222 19 0
80222 31 0
80222 38 0
80222 43 0
80227 31 1
80449 31 0
80454 38 1
80677 38 0
80681 31 1
80904 31 0
80909 43 1
81131 43 0
81136 42 1
81358 42 0
81363 40 1
81586 40 0
81590 38 1
81813 38 0
81818 26 1
81818 33 1
81818 38 1
81818 42 1
82196 26 0
82196 33 0
82196 38 0
82196 42 0
82272 38 1
82495 38 0
82499 33 1
82722 33 0
82727 42 1
82949 42 0
82954 40 1
83333 40 0
83409 21 1
83409 28 1
83409 31 1
83409 38 1
83409 40 1
83858 21 0
83858 28 0
83858 31 0
83858 38 0
83858 40 0
83863 28 1
84086 28 0
84090 31 1
84313 31 0
84318 38 1
84540 38 0
84545 42 1
84767 42 0
84772 40 1
84995 40 0
84999 38 1
85222 38 0
85227 40 1
85449 40 0
85454 26 1
85454 33 1
85454 38 1
85454 42 1
85833 26 0
85833 33 0
85833 38 0
85833 42 0
85909 38 1
86131 38 0
86136 33 1
86358 33 0
86363 42 1
86586 42 0
86590 40 1
86969 40 0
87045 19 1
87045 31 1
87045 38 1
87045 43 1
87495 19 0
87495 31 0
87495 38 0
87495 43 0
87499 31 1
87722 31 0
87727 38 1
87949 38 0
87954 31 1
88176 31 0
88181 43 1
88404 43 0
88409 42 1
88631 42 0
88636 40 1
88858 40 0
88863 38 1
89086 38 0
89090 26 1
89090 33 1
89090 38 1
89090 42 1
89469 26 0
89469 33 0
89469 38 0
89469 42 0
89545 38 1
89767 38 0
89772 33 1
89995 33 0
89999 42 1
90222 42 0
90227 40 1
90605 40 0
90681 21 1
90681 28 1
90681 33 1
90681 37 1
91131 21 0
91131 28 0
91131 33 0
91131 37 0
91136 28 1
91358 28 0
91363 37 1
91586 37 0
91590 33 1
91813 33 0
91818 38 1
92040 38 0
92045 37 1
92267 37 0
92272 33 1
92495 33 0
92499 37 1
92722 37 0
92727 23 1
92727 30 1
92727 35 1
92727 38 1
93105 23 0
93105 30 0
93105 35 0
93105 38 0
93181 30 1
93560 30 0
93636 38 1
93858 38 0
93863 37 1
94086 37 0
94090 35 1
94313 35 0
94318 19 1
94318 31 1
94318 38 1
94318 43 1
94767 19 0
94767 31 0
94767 38 0
94767 43 0
94772 31 1
94995 31 0
94999 38 1
95222 38 0
95227 31 1
95449 31 0
95454 43 1
95676 43 0
95681 42 1
95904 42 0
95908 40 1
96131 40 0
96136 38 1
96358 38 0
96363 26 1
96363 33 1
96363 38 1
96363 42 1
96742 26 0
96742 33 0
96742 38 0
96742 42 0
96818 38 1
97040 38 0
97045 33 1
97267 33 0
97272 42 1
97495 42 0
97499 40 1
97878 40 0
97954 21 1
97954 28 1
97954 31 1
97954 38 1
97954 40 1
98404 21 0
98404 28 0
98404 31 0
98404 38 0
98404 40 0
98408 28 1
98631 28 0
98636 31 1
98858 31 0
98863 38 1
99086 38 0
99090 42 1
99313 42 0
99318 40 1
99540 40 0
99545 38 1
99767 38 0
99772 40 1
99995 40 0
99999 26 1
99999 33 1
99999 38 1
99999 42 1
100378 26 0
100378 33 0
100378 38 0
100378 42 0
100454 38 1
100676 38 0
100681 33 1
100904 33 0
100908 42 1
101131 42 0
101136 40 1
101515 40 0
101590 19 1
101590 31 1
101590 38 1
101590 43 1
102040 19 0
102040 31 0
102040 38 0
102040 43 0
102045 31 1
102267 31 0
102272 38 1
102495 38 0
102499 31 1
102722 31 0
102727 43 1
102949 43 0
102954 42 1
103176 42 0
103181 40 1
103404 40 0
103408 38 1
103631 38 0
103636 26 1
103636 33 1
103636 38 1
103636 42 1
104015 26 0
104015 33 0
104015 38 0
104015 42 0
104090 38 1
104313 38 0
104318 33 1
104540 33 0
104545 42 1
104767 42 0
104772 40 1
105151 40 0
105227 21 1
105227 28 1
105227 33 1
105227 37 1
105676 21 0
105676 28 0
105676 33 0
105676 37 0
105681 28 1
105904 28 0
105908 37 1
106131 37 0
106136 33 1
106358 33 0
106363 38 1
106586 38 0
106590 37 1
106813 37 0
106818 33 1
107040 33 0
107045 37 1
107267 37 0
107272 23 1
107272 30 1
107272 35 1
107272 38 1
107651 23 0
107651 30 0
107651 35 0
107651 38 0
107727 30 1
108105 30 0
108181 38 1
108404 38 0
108408 37 1
108631 37 0
108636 35 1
108858 35 0
108863 19 1
108863 31 1
108863 38 1
108863 43 1
109313 19 0
109313 31 0
109313 38 0
109313 43 0
109318 31 1
109540 31 0
109545 38 1
109767 38 0
109772 31 1
109995 31 0
109999 43 1
110222 43 0
110227 42 1
110449 42 0
110454 40 1
110676 40 0
110681 38 1
110904 38 0
110908 26 1
110908 33 1
110908 38 1
110908 42 1
111287 26 0
111287 33 0
111287 38 0
111287 42 0
111363 38 1
111586 38 0
111590 33 1
111813 33 0
111818 42 1
112040 42 0
112045 40 1
112424 40 0
112499 21 1
112499 28 1
112499 31 1
112499 38 1
112499 40 1
112949 21 0
112949 28 0
112949 31 0
112949 38 0
112949 40 0
112954 28 1
113176 28 0
113181 31 1
113404 31 0
113408 38 1
113631 38 0
113636 42 1
113858 42 0
113863 40 1
114086 40 0
114090 38 1
114313 38 0
114318 40 1
114540 40 0
114545 23 1
114545 30 1
114545 35 1
114545 38 1
114924 23 0
114924 30 0
114924 35 0
114924 38 0
114999 30 1
115378 30 0
115454 38 1
115676 38 0
115681 37 1
115904 37 0
115908 35 1
116131 35 0
116136 31 1
116136 38 1
116136 43 1
116586 31 0
116586 38 0
116586 43 0
116590 31 1
116813 31 0
116818 38 1
117040 38 0
117045 31 1
117267 31 0
117272 43 1
117495 43 0
117499 42 1
117722 42 0
117727 38 1
117949 38 0
117954 40 1
118176 40 0
118181 26 1
118181 33 1
118181 38 1
118181 42 1
118560 26 0
118560 33 0
118560 38 0
118560 42 0
118636 38 1
118858 38 0
118863 33 1
119086 33 0
119090 42 1
119313 42 0
119318 40 1
119696 40 0
119772 21 1
119772 28 1
119772 33 1
119772 37 1
120222 21 0
120222 28 0
120222 33 0
120222 37 0
120227 28 1
120449 28 0
120454 33 1
120676 33 0
120681 37 1
120904 37 0
120908 38 1
121131 38 0
121136 37 1
121358 37 0
121363 33 1
121586 33 0
121590 37 1
121813 37 0
121818 23 1
121818 30 1
121818 35 1
121818 38 1
122196 23 0
122196 30 0
122196 35 0
122196 38 0
122272 30 1
122651 30 0
122727 38 1
122949 38 0
122954 37 1
123176 37 0
123181 35 1
123404 35 0
123408 31 1
123408 38 1
123408 43 1
123858 31 0
123858 38 0
123858 43 0
123863 31 1
124086 31 0
124090 38 1
124313 38 0
124318 31 1
124540 31 0
124545 43 1
124767 43 0
124772 42 1
124995 42 0
124999 38 1
125222 38 0
125227 40 1
125449 40 0
125454 26 1
125454 33 1
125454 38 1
125454 42 1
125833 26 0
125833 33 0
125833 38 0
125833 42 0
125908 38 1
126131 38 0
126136 33 1
126358 33 0
126363 42 1
126586 42 0
126590 40 1
126969 40 0
127045 21 1
127045 28 1
127045 33 1
127045 37 1
127495 21 0
127495 28 0
127495 33 0
127495 37 0
127499 28 1
127722 28 0
127727 33 1
127949 33 0
127954 37 1
128176 37 0
128181 38 1
128404 38 0
128408 37 1
128631 37 0
128636 33 1
128858 33 0
128863 37 1
129086 37 0
129090 23 1
129090 30 1
129090 35 1
129090 38 1
129469 23 0
129469 30 0
129469 35 0
129469 38 0
129545 30 1
129924 30 0
129999 38 1
130222 38 0
130227 37 1
130449 37 0
130454 35 1
130676 35 0
130681 31 1
130681 38 1
130681 43 1
131131 31 0
131131 38 0
131131 43 0
131136 31 1
131358 31 0
131363 38 1
131586 38 0
131590 31 1
131813 31 0
131818 43 1
132040 43 0
132045 42 1
132267 42 0
132272 38 1
132495 38 0
132499 40 1
132722 40 0
132727 26 1
132727 33 1
132727 38 1
132727 42 1
133105 26 0
133105 33 0
133105 38 0
133105 42 0
133181 38 1
133404 38 0
133408 33 1
133631 33 0
133636 42 1
133858 42 0
133863 40 1
134242 40 0
134318 21 1
134318 28 1
134318 33 1
134318 37 1
134767 21 0
134767 28 0
134767 33 0
134767 37 0
134772 28 1
134995 28 0
134999 31 1
135222 31 0
135227 35 1
135449 35 0
135454 37 1
135676 37 0
135681 35 1
135904 35 0
135908 31 1
136131 31 0
136136 33 1
136358 33 0
136363 23 1
136363 30 1
136363 35 1
136363 38 1
136742 23 0
136742 30 0
136742 35 0
136742 38 0
136818 30 1
137196 30 0
137272 38 1
137495 38 0
137499 37 1
137722 37 0
137727 35 1
137949 35 0
137954 31 1
137954 38 1
137954 43 1
138404 31 0
138404 38 0
138404 43 0
138408 31 1
138631 31 0
138636 38 1
138858 38 0
138863 31 1
139086 31 0
139090 43 1
139313 43 0
139318 42 1
139540 42 0
139545 38 1
139767 38 0
139772 40 1
139995 40 0
139999 26 1
139999 33 1
139999 38 1
139999 42 1
140378 26 0
140378 33 0
140378 38 0
140378 42 0
140454 38 1
140676 38 0
140681 33 1
140904 33 0
140908 42 1
141131 42 0
141136 40 1
141515 40 0
141590 21 1
141590 28 1
141590 31 1
141590 38 1
141590 40 1
142040 21 0
142040 28 0
142040 31 0
142040 38 0
142040 40 0
142045 28 1
142267 28 0
142272 31 1
142495 31 0
142499 38 1
142722 38 0
142727 42 1
142949 42 0
142954 40 1
143176 40 0
143181 38 1
143404 38 0
143408 40 1
143631 40 0
143636 26 1
143636 33 1
143636 38 1
143636 42 1
144015 26 0
144015 33 0
144015 38 0
144015 42 0
144090 38 1
144313 38 0
144318 33 1
144540 33 0
144545 42 1
144767 42 0
144772 40 1
145151 40 0
145227 19 1
145227 31 1
145227 38 1
145227 43 1
145676 19 0
145676 31 0
145676 38 0
145676 43 0
145681 31 1
145904 31 0
145908 38 1
146131 38 0
146136 31 1
146358 31 0
146363 43 1
146586 43 0
146590 42 1
146813 42 0
146818 40 1
147040 40 0
147045 38 1
147267 38 0
147272 26 1
147272 33 1
147272 38 1
147272 42 1
147651 26 0
147651 33 0
147651 38 0
147651 42 0
147727 38 1
147949 38 0
147954 33 1
148176 33 0
148181 42 1
148404 42 0
148408 40 1
148787 40 0
148863 21 1
148863 28 1
148863 33 1
148863 37 1
149313 21 0
149313 28 0
149313 33 0
149313 37 0
149318 28 1
149540 28 0
149545 37 1
149767 37 0
149772 33 1
149995 33 0
149999 38 1
150222 38 0
150227 37 1
150449 37 0
150454 33 1
150676 33 0
150681 37 1
150904 37 0
150908 23 1
150908 30 1
150908 35 1
150908 38 1
151287 23 0
151287 30 0
151287 35 0
151287 38 0
151363 30 1
151742 30 0
151818 38 1
152040 38 0
152045 37 1
152267 37 0
152272 35 1
152495 35 0
152499 19 1
152499 31 1
152499 38 1
152499 43 1
152949 19 0
152949 31 0
152949 38 0
152949 43 0
152954 31 1
153176 31 0
153181 38 1
153404 38 0
153408 31 1
153631 31 0
153636 43 1
153858 43 0
153863 42 1
154086 42 0
154090 40 1
154313 40 0
154318 38 1
154540 38 0
154545 26 1
154545 33 1
154545 38 1
154545 42 1
154924 26 0
154924 33 0
154924 38 0
154924 42 0
154999 38 1
155222 38 0
155227 33 1
155449 33 0
155454 42 1
155676 42 0
155681 40 1
156060 40 0
156136 21 1
156136 28 1
156136 31 1
156136 38 1
156136 40 1
156586 21 0
156586 28 0
156586 31 0
156586 38 0
156586 40 0
156590 28 1
156813 28 0
156818 31 1
157040 31 0
157045 38 1
157267 38 0
157272 42 1
157495 42 0
157499 40 1
157722 40 0
157727 38 1
157949 38 0
157954 40 1
158176 40 0
158181 26 1
158181 33 1
158181 38 1
158181 42 1
158560 26 0
158560 33 0
158560 38 0
158560 42 0
158636 38 1
158858 38 0
158863 33 1
159086 33 0
159090 42 1
159313 42 0
159318 40 1
159696 40 0
159772 19 1
159772 31 1
159772 38 1
159772 43 1
160222 19 0
160222 31 0
160222 38 0
160222 43 0
160227 31 1
160449 31 0
160454 38 1
160676 38 0
160681 31 1
160904 31 0
160908 43 1
161131 43 0
161136 42 1
161358 42 0
161363 40 1
161586 40 0
161590 38 1
161813 38 0
161818 26 1
161818 33 1
161818 38 1
161818 42 1
162196 26 0
162196 33 0
162196 38 0
162196 42 0
162272 38 1
162495 38 0
162499 33 1
162722 33 0
162727 42 1
162949 42 0
162954 40 1
163333 40 0
163408 21 1
163408 28 1
163408 33 1
163408 37 1
163858 21 0
163858 28 0
163858 33 0
163858 37 0
163863 28 1
164086 28 0
164090 37 1
164313 37 0
164318 33 1
164540 33 0
164545 38 1
164767 38 0
164772 37 1
164995 37 0
164999 33 1
165222 33 0
165227 37 1
165449 37 0
165454 23 1
165454 30 1
165454 35 1
165454 38 1
165833 23 0
165833 30 0
165833 35 0
165833 38 0
165908 30 1
166287 30 0
166363 38 1
166586 38 0
166590 37 1
166813 37 0
166818 35 1
167040 35 0
167045 19 1
167045 31 1
167045 38 1
167045 43 1
167495 19 0
167495 31 0
167495 38 0
167495 43 0
167499 31 1
167722 31 0
167727 38 1
167949 38 0
167954 31 1
168176 31 0
168181 43 1
168404 43 0
168408 42 1
168631 42 0
168636 40 1
168858 40 0
168863 38 1
169086 38 0
169090 26 1
169090 33 1
169090 38 1
169090 42 1
169469 26 0
169469 33 0
169469 38 0
169469 42 0
169545 38 1
169767 38 0
169772 33 1
169995 33 0
169999 42 1
170222 42 0
170227 40 1
170605 40 0
170681 21 1
170681 28 1
170681 31 1
170681 38 1
170681 40 1
171131 21 0
171131 28 0
171131 31 0
171131 38 0
171131 40 0
171136 28 1
171358 28 0
171363 31 1
171586 31 0
171590 38 1
171813 38 0
171818 42 1
172040 42 0
172045 40 1
172267 40 0
172272 38 1
172495 38 0
172499 40 1
172722 40 0
172727 26 1
172727 33 1
172727 38 1
172727 42 1
173105 26 0
173105 33 0
173105 38 0
173105 42 0
173181 38 1
173404 38 0
173408 33 1
173631 33 0
173636 42 1
173858 42 0
173863 40 1
174242 40 0
174318 19 1
174318 31 1
174318 38 1
174318 43 1
174767 19 0
174767 31 0
174767 38 0
174767 43 0
174772 31 1
174995 31 0
174999 38 1
175222 38 0
175227 31 1
175449 31 0
175454 43 1
175676 43 0
175681 42 1
175904 42 0
175908 40 1
176131 40 0
176136 38 1
176358 38 0
176363 26 1
176363 33 1
176363 38 1
176363 42 1
176742 26 0
176742 33 0
176742 38 0
176742 42 0
176818 38 1
177040 38 0
177045 33 1
177267 33 0
177272 42 1
177495 42 0
177499 40 1
177878 40 0
177954 21 1
177954 28 1
177954 33 1
177954 37 1
178404 21 0
178404 28 0
178404 33 0
178404 37 0
178408 28 1
178631 28 0
178636 37 1
178858 37 0
178863 33 1
179085 33 0
179090 38 1
179313 38 0
179318 37 1
179540 37 0
179545 33 1
179767 33 0
179772 37 1
179995 37 0
179999 23 1
179999 30 1
179999 35 1
179999 38 1
180378 23 0
180378 30 0
180378 35 0
180378 38 0
180454 30 1
180833 30 0
180908 38 1
181131 38 0
181136 37 1
181358 37 0
181363 35 1
181585 35 0
181590 19 1
181590 31 1
181590 38 1
181590 43 1
182040 19 0
182040 31 0
182040 38 0
182040 43 0
182045 31 1
182267 31 0
182272 38 1
182495 38 0
182499 31 1
182722 31 0
182727 43 1
182949 43 0
182954 42 1
183176 42 0
183181 40 1
183404 40 0
183408 38 1
183631 38 0
183636 26 1
183636 33 1
183636 38 1
183636 42 1
184014 26 0
184014 33 0
184014 38 0
184014 42 0
184090 38 1
184313 38 0
184317 33 1
184540 33 0
184545 42 1
184767 42 0
184772 40 1
185151 40 0
185227 21 1
185227 28 1
185227 31 1
185227 38 1
185227 40 1
185676 21 0
185676 28 0
185676 31 0
185676 38 0
185676 40 0
185681 28 1
185904 28 0
185908 31 1
186131 31 0
186136 38 1
186358 38 0
186363 42 1
186585 42 0
186590 40 1
186813 40 0
186817 38 1
187040 38 0
187045 40 1
187267 40 0
187272 26 1
187272 33 1
187272 38 1
187272 42 1
187651 26 0
187651 33 0
187651 38 0
187651 42 0
187727 38 1
187949 38 0
187954 33 1
188176 33 0
188181 42 1
188404 42 0
188408 40 1
188787 40 0
188863 19 1
188863 31 1
188863 38 1
188863 43 1
189313 19 0
189313 31 0
189313 38 0
189313 43 0
189317 31 1
189540 31 0
189545 38 1
189767 38 0
189772 31 1
189995 31 0
189999 43 1
190222 43 0
190227 42 1
190449 42 0
190454 40 1
190676 40 0
190681 38 1
190904 38 0
190908 26 1
190908 33 1
190908 38 1
190908 42 1
191287 26 0
191287 33 0
191287 38 0
191287 42 0
191363 38 1
191585 38 0
191590 33 1
191813 33 0
191817 42 1
192040 42 0
192045 40 1
192424 40 0
192499 21 1
192499 28 1
192499 33 1
192499 37 1
192949 21 0
192949 28 0
192949 33 0
192949 37 0
192954 28 1
193176 28 0
193181 37 1
193404 37 0
193408 33 1
193631 33 0
193636 38 1
193858 38 0
193863 37 1
194085 37 0
194090 33 1
194313 33 0
194317 37 1
194540 37 0
194545 23 1
194545 30 1
194545 35 1
194545 38 1
194924 23 0
194924 30 0
194924 35 0
194924 38 0
194999 30 1
195378 30 0
195454 38 1
195676 38 0
195681 37 1
195904 37 0
195908 35 1
196131 35 0
196136 19 1
196136 31 1
196136 38 1
196136 43 1
196585 19 0
196585 31 0
196585 38 0
196585 43 0
196590 31 1
196813 31 0
196817 38 1
197040 38 0
197045 31 1
197267 31 0
197272 43 1
197495 43 0
197499 42 1
197722 42 0
197727 40 1
197949 40 0
197954 38 1
198176 38 0
198181 26 1
198181 33 1
198181 38 1
198181 42 1
198560 26 0
198560 33 0
198560 38 0
198560 42 0
198636 38 1
198858 38 0
198863 33 1
199085 33 0
199090 42 1
199313 42 0
199317 40 1
199696 40 0
199772 21 1
199772 28 1
199772 31 1
199772 38 1
199772 40 1
200222 21 0
200222 28 0
200222 31 0
200222 38 0
200222 40 0
200227 28 1
200449 28 0
200454 31 1
200676 31 0
200681 38 1
200904 38 0
200908 42 1
201131 42 0
201136 40 1
201358 40 0
201363 38 1
201585 38 0
201590 40 1
201813 40 0
