0 43 1
0 17 1
0 24 1
211 43 0
211 44 1
422 44 0
422 36 1
633 36 0
633 43 1
1056 43 0
1056 44 1
1690 44 0
1690 17 0
1690 24 0
1690 43 1
1690 13 1
1690 20 1
1901 43 0
1901 44 1
2112 44 0
2112 36 1
2323 36 0
2323 44 1
2746 44 0
2746 43 1
3169 43 0
3169 34 1
3332 34 0
3332 39 1
3380 39 0
3380 13 0
3380 20 0
3380 41 1
3380 15 1
3380 22 1
3591 41 0
3591 43 1
3802 43 0
3802 34 1
4014 34 0
4014 41 1
4436 41 0
4436 43 1
4859 43 0
4859 34 1
5070 34 0
5070 15 0
5070 22 0
5070 39 1
5070 10 1
5070 17 1
5915 39 0
5915 37 1
6760 37 0
6760 10 0
6760 17 0
6760 43 1
6760 17 1
6760 24 1
6971 43 0
6971 44 1
7183 44 0
7183 36 1
7394 36 0
7394 43 1
7816 43 0
7816 44 1
8450 44 0
8450 17 0
8450 24 0
8450 44 1
8450 13 1
8450 20 1
8661 44 0
8661 43 1
8873 43 0
8873 36 1
9084 36 0
9084 44 1
9507 44 0
9507 43 1
9929 43 0
9929 34 1
10092 34 0
10092 39 1
10140 39 0
10140 13 0
10140 20 0
10140 41 1
10140 15 1
10140 22 1
10352 41 0
10352 43 1
10563 43 0
10563 34 1
10774 34 0
10774 41 1
11197 41 0
11197 43 1
11619 43 0
11619 34 1
11830 34 0
11830 15 0
11830 22 0
11830 39 1
11830 10 1
11830 17 1
12676 39 0
12676 34 1
12676 38 1
13098 34 0
13098 38 0
13309 22 1
13521 22 0
13521 10 0
13521 17 0
13521 17 1
13521 24 1
13521 5 1
13943 17 0
13943 24 0
13943 5 0
13943 24 1
13943 12 1
14366 24 0
14366 12 0
14366 24 1
14366 17 1
14788 24 0
14788 24 1
14999 24 0
14999 24 1
15211 24 0
15211 17 0
15211 20 1
15211 24 1
15211 1 1
15633 20 0
15633 24 0
15633 1 0
15633 22 1
15633 8 1
15845 22 0
15845 20 1
16056 8 0
16056 13 1
16478 20 0
16478 20 1
16690 20 0
16690 20 1
16901 20 0
16901 13 0
16901 19 1
16901 22 1
16901 3 1
17112 19 0
17112 22 0
17112 22 1
17323 3 0
17323 10 1
17746 22 0
17746 10 0
17746 15 1
17957 20 1
18168 20 0
18168 19 1
18380 19 0
18380 17 1
18591 15 0
18591 27 1
19014 5 1
19436 17 0
19436 27 0
19436 5 0
19436 25 1
19436 10 1
19859 25 0
19859 10 0
19859 5 1
20070 22 1
20281 22 0
20281 5 0
20281 17 1
20281 24 1
20281 5 1
20492 17 0
20492 24 0
20492 24 1
20704 24 0
20704 5 0
20704 24 1
20704 12 1
20915 24 0
20915 24 1
21126 12 0
21126 17 1
21549 24 0
21549 27 1
21760 27 0
21760 27 1
21971 17 0
21971 1 1
22183 27 0
22183 24 1
22394 1 0
22394 8 1
22816 24 0
22816 8 0
22816 13 1
23239 20 1
23450 20 0
23450 20 1
23661 20 0
23661 13 0
23661 19 1
23661 22 1
23661 3 1
23873 19 0
23873 22 0
23873 24 1
24084 3 0
24084 10 1
24506 24 0
24506 10 0
24506 15 1
24718 22 1
24929 22 0
24929 15 0
24929 20 1
24929 10 1
25140 20 0
25140 22 1
25352 10 0
25352 27 1
25774 5 1
26197 22 0
26197 27 0
26197 5 0
26197 10 1
26197 22 1
26197 26 1
26619 10 0
26619 5 1
27042 22 0
27042 26 0
27042 5 0
27042 5 1
27042 12 1
27042 17 1
27464 5 0
27464 12 0
27464 17 0
27464 24 1
27464 12 1
27675 24 0
27675 24 1
27887 12 0
27887 17 1
28098 24 0
28098 27 1
28309 17 0
28309 12 1
28521 27 0
28521 24 1
28521 29 1
28732 12 0
28732 1 1
28943 24 0
28943 29 0
28943 27 1
29154 1 0
29154 8 1
29366 27 0
29366 24 1
29577 8 0
29577 13 1
29788 24 0
29788 27 1
29999 13 0
29999 8 1
30211 27 0
30211 19 1
30290 22 1
30369 27 1
30422 8 0
30422 3 1
30633 19 0
30633 22 0
30633 27 0
30633 27 1
30844 3 0
30844 10 1
31056 27 0
31056 25 1
31267 10 0
31267 15 1
31478 25 0
31478 24 1
31690 15 0
31690 10 1
31845 24 0
31845 24 1
31901 24 0
31901 25 1
31901 17 1
32112 25 0
32112 10 0
32112 24 1
32535 5 1
32957 5 0
32957 10 1
33380 10 0
33380 5 1
33802 17 0
33802 24 0
33802 5 0
33802 5 1
33802 12 1
33802 17 1
34225 24 1
34436 24 0
34436 24 1
34647 24 0
34647 22 1
34859 22 0
34859 20 1
35281 20 0
35281 5 0
35281 12 0
35281 17 0
35281 19 1
35281 22 1
35281 10 1
35281 15 1
35915 19 0
35915 22 0
35915 22 1
36126 22 0
36126 24 1
36337 24 0
36337 22 1
36760 22 0
36760 20 1
37182 10 0
37182 15 0
37182 26 1
37182 29 1
37182 5 1
37182 10 1
37182 14 1
37605 20 0
37605 17 1
38028 26 0
38028 29 0
38028 46 1
38450 46 0
38450 46 1
38873 46 0
38873 17 0
38873 53 1
39718 53 0
39718 58 1
40140 5 0
40140 10 0
40140 14 0
40140 10 1
40462 58 0
40462 22 1
40502 27 1
40563 22 0
40563 27 0
40563 10 0
40563 22 1
40563 27 1
40563 29 1
40563 31 1
40563 3 1
40985 22 0
40985 27 0
40985 29 0
40985 31 0
40985 22 1
41197 22 0
41197 22 1
41408 3 0
41408 10 1
41408 15 1
41619 22 0
41619 22 1
41619 27 1
41830 10 0
41830 15 0
41830 3 1
42042 22 0
42042 27 0
42042 22 1
42042 27 1
42253 3 0
42253 3 1
42464 22 0
42464 27 0
42464 22 1
42887 22 0
42887 22 1
43098 3 0
43098 10 1
43098 15 1
43309 22 0
43309 29 1
43521 10 0
43521 15 0
43521 3 1
43732 29 0
43732 20 1
43732 25 1
43732 27 1
43732 29 1
43943 3 0
43943 1 1
44366 20 0
44366 25 0
44366 27 0
44366 29 0
44366 20 1
44366 29 1
44577 20 0
44577 29 0
44577 27 1
44788 27 0
44788 1 0
44788 20 1
44788 29 1
44788 8 1
44788 13 1
44999 20 0
44999 29 0
44999 29 1
45211 8 0
45211 13 0
45211 1 1
45422 29 0
45422 27 1
45633 27 0
45633 1 0
45633 20 1
45633 27 1
45633 29 1
45633 1 1
45844 20 0
45844 27 0
45844 29 0
45844 31 1
46267 31 0
46267 25 1
46267 32 1
46478 1 0
46478 8 1
46478 13 1
46690 25 0
46690 32 0
46690 25 1
46690 31 1
46901 8 0
46901 13 0
46901 1 1
47112 25 0
47112 31 0
47112 22 1
47112 27 1
47112 29 1
47112 31 1
47323 1 0
47323 3 1
47746 22 0
47746 27 0
47746 29 0
47746 31 0
47746 22 1
47957 22 0
47957 22 1
48168 3 0
48168 10 1
48168 15 1
48380 22 0
48380 27 1
48591 10 0
48591 15 0
48591 3 1
48802 27 0
48802 22 1
48802 27 1
49013 3 0
49013 3 1
49225 22 0
49225 27 0
49225 22 1
49647 22 0
49647 22 1
49859 3 0
49859 10 1
49859 15 1
50070 22 0
50070 29 1
50281 10 0
50281 15 0
50281 3 1
50492 29 0
50492 20 1
50492 25 1
50492 27 1
50492 29 1
50704 3 0
50704 1 1
51126 1 0
51126 20 1
51126 25 1
51126 1 1
51126 8 1
51126 13 1
51337 20 0
51337 20 0
51337 25 0
51337 25 0
51337 17 1
51549 27 0
51549 29 0
51549 17 0
51549 1 0
51549 8 0
51549 13 0
51549 20 1
51549 25 1
51549 1 1
51549 8 1
51549 13 1
51760 20 0
51760 25 0
51760 17 1
51971 17 0
51971 1 0
51971 8 0
51971 13 0
51971 20 1
51971 25 1
51971 1 1
51971 8 1
51971 13 1
52182 20 0
52182 25 0
52182 17 1
52394 17 0
52394 1 0
52394 8 0
52394 13 0
52394 20 1
52394 25 1
52394 1 1
52605 20 0
52605 25 0
52605 17 1
52816 17 0
52816 1 0
52816 20 1
52816 25 1
52816 1 1
52816 8 1
52816 13 1
53028 20 0
53028 25 0
53028 17 1
53239 17 0
53239 1 0
53239 8 0
53239 13 0
53239 20 1
53239 25 1
53239 1 1
53239 8 1
53239 13 1
53450 20 0
53450 25 0
53450 17 1
53661 17 0
53661 1 0
53661 8 0
53661 13 0
53661 25 1
53661 27 1
53661 1 1
53661 8 1
53661 13 1
53873 25 0
53873 27 0
53873 25 1
53873 29 1
54084 1 0
54084 8 0
54084 13 0
54084 1 1
54295 25 0
54295 29 0
54295 25 1
54295 27 1
54295 31 1
54506 1 0
54506 1 1
54506 8 1
54506 13 1
54718 25 0
54718 27 0
54718 31 0
54718 25 1
54718 27 1
54718 29 1
54718 32 1
54929 1 0
54929 8 0
54929 13 0
54929 1 1
54929 8 1
54929 13 1
55351 1 0
55351 8 0
55351 13 0
55351 1 1
55351 8 1
55351 13 1
55774 25 0
55774 27 0
55774 29 0
55774 32 0
55774 1 0
55774 8 0
55774 13 0
55774 20 1
55774 25 1
55774 1 1
55985 20 0
55985 25 0
55985 17 1
56197 17 0
56197 1 0
56197 20 1
56197 25 1
56197 1 1
56197 8 1
56197 13 1
56408 20 0
56408 25 0
56408 17 1
56619 17 0
56619 1 0
56619 8 0
56619 13 0
56619 20 1
56619 25 1
56619 1 1
56619 8 1
56619 13 1
56830 20 0
56830 25 0
56830 41 1
57042 41 0
57042 1 0
57042 8 0
57042 13 0
57042 43 1
57253 43 0
57253 36 1
57253 39 1
57253 44 1
57464 20 1
57675 20 0
57675 27 1
57887 27 0
57887 32 1
57887 36 1
58098 32 0
58098 36 0
58098 36 0
58098 27 1
58309 39 0
58309 44 0
58309 27 0
58309 32 1
58309 36 1
58520 32 0
58520 36 0
58520 39 1
58520 27 1
58732 39 0
58732 27 0
58732 39 1
58732 32 1
58732 36 1
58943 39 0
58943 32 0
58943 36 0
58943 39 1
58943 43 1
58943 27 1
58943 46 1
59154 39 0
59154 43 0
59154 27 0
59154 27 1
59366 27 0
59366 34 1
59577 34 0
59577 39 1
59577 43 1
59788 39 0
59788 43 0
59788 34 1
59999 46 0
59999 34 0
59999 39 1
59999 43 1
60211 39 0
60211 43 0
60211 34 1
60422 34 0
60422 39 1
60422 44 1
60633 39 0
60633 34 1
60844 44 0
60844 34 0
60844 41 1
60844 29 1
61056 41 0
61056 29 0
61056 41 1
61056 36 1
61267 41 0
61267 36 0
61267 41 1
61267 41 1
61478 41 0
61478 41 0
61478 36 1
61689 36 0
61689 41 1
61689 29 1
61901 41 0
61901 29 0
61901 36 1
61901 43 1
62112 36 0
62112 41 1
62323 43 0
62323 41 0
62323 36 1
62323 44 1
62535 36 0
62535 25 1
62746 25 0
62746 32 1
62957 32 0
62957 37 1
63168 37 0
63168 32 1
63380 44 0
63380 32 0
63380 37 1
63591 37 0
63591 41 1
63591 32 1
63802 41 0
63802 32 0
63802 43 1
63802 25 1
64013 43 0
64013 25 0
64013 32 1
64013 36 1
64013 39 1
64013 44 1
64225 32 0
64225 20 1
64436 20 0
64436 27 1
64647 27 0
64647 32 1
64647 36 1
64858 32 0
64858 36 0
64858 36 0
64858 27 1
65070 39 0
65070 44 0
65070 27 0
65070 32 1
65070 36 1
65281 32 0
65281 36 0
65281 39 1
65281 27 1
65492 39 0
65492 27 0
65492 39 1
65492 48 1
65492 32 1
65492 36 1
65704 39 0
65704 48 0
65704 32 0
65704 36 0
65704 27 1
65704 39 1
65704 48 1
65915 27 0
65915 27 1
66126 39 0
66126 48 0
66126 27 0
66126 34 1
66126 39 1
66126 46 1
66337 34 0
66337 39 1
66549 39 0
66549 39 0
66549 34 1
66760 46 0
66760 34 0
66760 39 1
66971 39 0
66971 34 1
67182 34 0
67182 44 1
67182 39 1
67394 44 0
67394 39 0
67394 46 1
67394 34 1
67605 46 0
67605 34 0
67605 29 1
67605 41 1
67605 48 1
67816 29 0
67816 36 1
68027 41 0
68027 48 0
68027 36 0
68027 48 1
68027 41 1
68239 48 0
68239 41 0
68239 36 1
68239 49 1
68450 36 0
68450 29 1
68661 49 0
68661 29 0
68661 48 1
68661 36 1
68873 48 0
68873 36 0
68873 46 1
68873 41 1
69084 46 0
69084 41 0
69084 44 1
69084 36 1
69295 44 0
69295 36 0
69295 46 1
69295 25 1
69295 41 1
69506 46 0
69506 25 0
69506 32 1
69506 44 1
69718 32 0
69718 37 1
69929 37 0
69929 32 1
70140 32 0
70140 37 1
70351 37 0
70351 32 1
70563 32 0
70563 25 1
70774 25 0
70774 32 1
70985 41 0
70985 44 0
70985 32 0
70985 8 1
70985 27 1
70985 32 1
70985 39 1
71408 8 0
71408 8 1
71619 27 0
71619 32 0
71619 39 0
71619 8 0
71619 15 1
71619 27 1
71619 36 1
71830 15 0
71830 20 1
72042 20 0
72042 15 1
72253 27 0
72253 36 0
72253 15 0
72253 8 1
72253 27 1
72253 31 1
72253 34 1
72464 8 0
72464 15 1
72675 15 0
72675 3 1
73098 3 0
73098 3 1
73309 3 0
73309 10 1
73520 27 0
73520 31 0
73520 34 0
73520 10 0
73520 15 1
73520 32 1
73732 15 0
73732 10 1
73943 32 0
73943 10 0
73943 3 1
73943 32 1
74154 3 0
74154 10 1
74365 32 0
74365 10 0
74365 5 1
74365 29 1
74365 32 1
74365 39 1
74788 5 0
74788 5 1
74999 29 0
74999 32 0
74999 39 0
74999 5 0
74999 12 1
74999 29 1
74999 32 1
74999 36 1
75211 12 0
75211 17 1
75422 17 0
75422 12 1
75633 29 0
75633 32 0
75633 36 0
75633 12 0
75633 5 1
75633 25 1
75633 29 1
75633 32 1
75844 5 0
75844 12 1
76056 12 0
76056 1 1
76478 1 0
76478 1 1
76689 1 0
76689 8 1
76901 8 0
76901 13 1
77112 13 0
77112 8 1
77323 25 0
77323 29 0
77323 32 0
77323 8 0
77323 32 1
77323 1 1
77534 32 0
77534 1 0
77534 32 1
77534 8 1
77746 32 0
77746 8 0
77746 0 1
77746 24 1
77746 27 1
77746 31 1
78168 0 0
78168 0 1
78380 24 0
78380 27 0
78380 31 0
78380 0 0
78380 7 1
78380 27 1
78591 7 0
78591 12 1
78802 12 0
78802 7 1
79013 27 0
79013 7 0
79013 0 1
79013 23 1
79013 27 1
79225 0 0
79225 7 1
79436 7 0
80070 6 1
80281 6 0
80281 11 1
80492 11 0
80492 6 1
80703 23 0
80703 27 0
80703 6 0
80915 24 1
81126 24 0
81126 25 1
81126 1 1
81126 13 1
81549 25 0
81549 25 1
81760 25 0
81760 24 1
81971 24 0
81971 25 1
82182 25 0
82182 24 1
82394 24 0
82394 25 1
82605 25 0
82605 25 1
82816 25 0
82816 1 0
82816 13 0
82816 24 1
83027 24 0
83027 20 1
83239 20 0
83450 37 1
83661 37 0
83661 39 1
83661 44 1
83661 49 1
83872 37 1
84084 39 0
84084 44 0
84084 49 0
84084 37 0
84084 39 1
84084 44 1
84084 49 1
84295 39 0
84295 44 0
84295 49 0
84295 39 1
84295 44 1
84295 48 1
84506 8 1
84929 8 0
84929 8 1
84929 15 1
84929 20 1
85351 39 0
85351 44 0
85351 48 0
85351 8 0
85351 15 0
85351 20 0
85351 24 1
85351 36 1
85351 8 1
85351 15 1
85351 20 1
85563 24 0
85563 36 0
85563 27 1
85563 39 1
85774 27 0
85774 39 0
85774 8 0
85774 15 0
85774 20 0
85774 32 1
85774 44 1
85774 8 1
85774 15 1
85774 20 1
85985 32 0
85985 44 0
85985 34 1
85985 46 1
86196 8 0
86196 15 0
86196 20 0
86196 3 1
86619 3 0
86619 3 1
86619 10 1
86619 15 1
86830 34 0
86830 46 0
86830 27 1
86830 39 1
87042 27 0
87042 39 0
87042 3 0
87042 10 0
87042 15 0
87042 34 1
87042 46 1
87042 3 1
87042 10 1
87042 15 1
87253 34 0
87253 46 0
87253 32 1
87253 44 1
87464 32 0
87464 44 0
87464 3 0
87464 10 0
87464 15 0
87464 31 1
87464 43 1
87464 3 1
87464 10 1
87464 15 1
87675 31 0
87675 43 0
87675 32 1
87675 44 1
87887 3 0
87887 10 0
87887 15 0
87887 5 1
88098 32 0
88098 44 0
88098 20 1
88309 20 0
88309 5 0
88309 24 1
88309 5 1
88309 12 1
88309 17 1
88520 24 0
88520 24 1
88732 24 0
88732 5 0
88732 12 0
88732 17 0
88732 24 1
88732 5 1
88732 12 1
88732 17 1
88943 24 0
88943 24 1
89154 5 0
89154 12 0
89154 17 0
89154 5 1
89154 12 1
89154 17 1
89365 24 0
89365 24 1
89577 5 0
89577 12 0
89577 17 0
89577 1 1
89788 24 0
89788 20 1
89999 1 0
89999 1 1
89999 8 1
89999 13 1
90422 20 0
90422 1 0
90422 8 0
90422 13 0
90422 1 1
90422 8 1
90422 13 1
90844 1 0
90844 8 0
90844 13 0
90844 20 1
90844 1 1
90844 8 1
90844 13 1
91267 20 0
91267 1 0
91267 8 0
91267 13 0
91267 22 1
91267 27 1
91267 3 1
91689 22 0
91689 27 0
91689 3 0
91689 22 1
91689 27 1
91689 3 1
91689 10 1
91689 15 1
91901 22 0
91901 27 0
91901 22 1
91901 25 1
92112 3 0
92112 10 0
92112 15 0
92112 3 1
92112 10 1
92112 15 1
92323 22 0
92323 25 0
92323 24 1
92534 3 0
92534 10 0
92534 15 0
92534 3 1
92534 10 1
92534 15 1
92746 24 0
92746 17 1
92746 22 1
92957 3 0
92957 10 0
92957 15 0
93380 5 1
93380 10 1
93802 17 0
93802 22 0
93802 5 0
93802 10 0
93802 5 1
93802 10 1
94225 5 0
94225 10 0
94225 20 1
94225 5 1
94225 10 1
94436 20 0
94436 22 1
94647 22 0
94647 5 0
94647 10 0
94647 24 1
94647 5 1
95070 24 0
95070 5 0
95070 24 1
95070 5 1
95070 12 1
95070 17 1
95281 24 0
95281 24 1
95492 5 0
95492 12 0
95492 17 0
95492 5 1
95492 12 1
95492 17 1
95703 24 0
95703 27 1
95915 5 0
95915 12 0
95915 17 0
95915 5 1
95915 12 1
95915 17 1
96126 27 0
96126 29 1
96337 5 0
96337 12 0
96337 17 0
96337 3 1
96549 29 0
96549 27 1
96760 3 0
96760 3 1
96760 10 1
96760 15 1
97182 27 0
97182 3 0
97182 10 0
97182 15 0
97182 3 1
97182 10 1
97182 15 1
97605 3 0
97605 10 0
97605 15 0
97605 27 1
97605 3 1
97605 10 1
97605 15 1
98027 27 0
98027 3 0
98027 10 0
98027 15 0
98027 27 1
98027 32 1
98027 10 1
98027 15 1
98027 17 1
98027 22 1
98450 27 0
98450 32 0
98450 27 1
98450 32 1
98661 27 0
98661 32 0
98661 10 0
98661 15 0
98661 17 0
98661 22 0
98661 27 1
98661 31 1
98661 10 1
98661 15 1
98661 17 1
98661 22 1
99084 27 0
99084 31 0
99084 27 1
99084 29 1
99295 10 0
99295 15 0
99295 17 0
99295 22 0
99295 10 1
99295 15 1
99295 17 1
99295 22 1
99506 27 0
99506 29 0
99506 26 1
99506 29 1
99718 10 0
99718 15 0
99718 17 0
99718 22 0
99718 10 1
99718 14 1
99718 17 1
99718 22 1
99929 26 0
99929 29 0
99929 26 1
99929 29 1
100140 26 0
100140 29 0
100140 26 1
100140 29 1
100351 26 0
100351 29 0
100351 10 0
100351 14 0
100351 17 0
100351 22 0
100351 29 1
100351 34 1
100351 10 1
100351 14 1
100351 17 1
100351 22 1
100563 29 0
100563 34 0
100563 26 1
100563 29 1
100774 26 0
100774 29 0
100774 29 1
100774 34 1
100985 29 0
100985 34 0
100985 10 0
100985 14 0
100985 17 0
100985 22 0
100985 34 1
100985 38 1
100985 10 1
100985 14 1
100985 17 1
100985 22 1
101196 34 0
101196 38 0
101196 38 1
101196 50 1
101408 38 0
101408 50 0
101408 10 0
101408 14 0
101408 17 0
101408 22 0
101408 39 1
101408 51 1
101408 3 1
101830 39 0
101830 51 0
101830 3 0
101830 22 1
101830 3 1
102041 22 0
102041 22 1
102253 3 0
102253 10 1
102253 15 1
102464 22 0
102464 22 1
102464 27 1
102675 10 0
102675 15 0
102675 3 1
102887 22 0
102887 27 0
102887 22 1
102887 27 1
103098 3 0
103098 3 1
103309 22 0
103309 27 0
103309 22 1
103520 3 0
103520 3 1
103732 22 0
103732 22 1
103943 3 0
103943 10 1
103943 15 1
104154 22 0
104154 27 1
104365 10 0
104365 15 0
104365 3 1
104577 27 0
104577 20 1
104577 25 1
104577 27 1
104577 29 1
104788 3 0
104788 1 1
105210 20 0
105210 25 0
105210 27 0
105210 29 0
105210 1 0
105210 20 1
105210 27 1
105210 1 1
105422 20 0
105422 27 0
105422 20 1
105422 29 1
105633 1 0
105633 8 1
105633 13 1
105844 20 0
105844 29 0
105844 20 1
105844 27 1
106056 8 0
106056 13 0
106056 1 1
106267 20 0
106267 27 0
106267 20 1
106267 25 1
106267 29 1
106478 1 0
106478 1 1
106689 20 0
106689 25 0
106689 29 0
106689 20 1
106689 25 1
106689 31 1
106901 1 0
106901 1 1
107112 20 0
107112 25 0
107112 31 0
107112 20 1
107112 25 1
107112 32 1
107323 1 0
107323 8 1
107323 13 1
107534 20 0
107534 25 0
107534 32 0
107534 20 1
107534 25 1
107534 34 1
107746 8 0
107746 13 0
107746 1 1
107957 20 0
107957 25 0
107957 34 0
107957 19 1
107957 22 1
107957 27 1
108168 1 0
108168 3 1
108591 19 0
108591 22 0
108591 27 0
108591 3 0
108591 22 1
108591 3 1
108802 22 0
108802 22 1
109013 3 0
109013 10 1
109013 15 1
109225 22 0
109225 27 1
109436 10 0
109436 15 0
109436 3 1
109647 27 0
109647 22 1
109647 27 1
109858 3 0
109858 3 1
110070 22 0
110070 27 0
110070 22 1
110281 3 0
110281 3 1
110492 22 0
110492 22 1
110492 27 1
110703 3 0
110703 10 1
110703 15 1
110915 22 0
110915 27 0
110915 22 1
111126 22 0
111126 10 0
111126 15 0
111126 29 1
111126 3 1
111548 29 0
111548 3 0
111548 1 1
111548 20 1
111548 25 1
111548 27 1
111548 29 1
111971 1 0
111971 1 1
111971 8 1
111971 13 1
112394 20 0
112394 25 0
112394 27 0
112394 29 0
112394 1 0
112394 8 0
112394 13 0
112394 1 1
112394 8 1
112394 13 1
112605 20 1
112605 25 1
112605 31 1
112816 1 0
112816 8 0
112816 13 0
112816 1 1
112816 8 1
112816 13 1
113027 20 0
113027 25 0
113027 31 0
113027 20 1
113027 25 1
113027 32 1
113239 1 0
113239 8 0
113239 13 0
113239 1 1
113450 20 0
113450 25 0
113450 32 0
113450 13 1
113556 13 0
113661 1 0
113661 15 1
113661 1 1
113661 13 1
113767 15 0
113767 1 0
113767 13 0
113872 19 1
113872 1 1
113872 13 1
113978 19 0
113978 1 0
113978 13 0
114084 20 1
114084 1 1
114084 13 1
114189 20 0
114189 1 0
114189 13 0
114295 25 1
114295 37 1
114295 1 1
114295 13 1
114401 25 0
114401 37 0
114401 1 0
114401 13 0
114506 27 1
114506 39 1
114506 1 1
114506 13 1
114612 27 0
114612 39 0
114612 1 0
114612 13 0
114717 31 1
114717 43 1
114717 1 1
114717 13 1
114823 31 0
114823 43 0
114823 1 0
114823 13 0
114929 32 1
114929 44 1
114929 1 1
114929 13 1
115034 32 0
115034 44 0
115034 1 0
115034 13 0
115140 37 1
115140 49 1
115140 1 1
115246 37 0
115246 49 0
115246 1 0
115351 39 1
115351 51 1
115351 1 1
115457 39 0
115457 51 0
115457 1 0
115563 43 1
115563 55 1
115563 1 1
115668 43 0
115668 55 0
115668 1 0
115774 44 1
115774 56 1
115774 1 1
115879 44 0
115879 56 0
115985 1 0
115985 29 1
116196 29 0
116196 31 1
116408 31 0
116408 24 1
116408 27 1
116408 32 1
116619 8 1
117041 8 0
117041 15 1
117041 20 1
117253 15 0
117253 20 0
117253 8 1
117464 24 0
117464 27 0
117464 32 0
117464 8 0
117464 15 1
117675 15 0
117675 27 1
117675 20 1
117886 27 0
117886 20 0
117886 27 1
117886 15 1
118098 27 0
118098 15 0
118098 8 1
118098 27 1
118098 31 1
118098 34 1
118309 8 0
118309 3 1
118732 3 0
118732 10 1
118732 15 1
118943 10 0
118943 15 0
118943 3 1
119154 27 0
119154 31 0
119154 34 0
119154 3 0
119154 10 1
119365 10 0
119365 15 1
119577 15 0
119577 32 1
119577 10 1
119788 32 0
119788 10 0
119788 29 1
119788 3 1
119999 29 0
119999 3 0
119999 24 1
119999 29 1
119999 5 1
120422 24 0
120422 29 0
120422 5 0
120422 29 1
120422 12 1
120422 17 1
120633 29 0
120633 12 0
120633 17 0
120633 29 1
120633 5 1
120844 29 0
120844 5 0
120844 24 1
120844 29 1
120844 12 1
121055 24 0
121055 29 0
121055 12 0
121055 17 1
121055 31 1
121267 17 0
121267 12 1
121478 31 0
121478 12 0
121478 5 1
121478 25 1
121478 29 1
121478 32 1
121689 5 0
121689 1 1
121901 25 0
121901 29 0
121901 32 0
121901 34 1
122112 34 0
122112 1 0
122112 8 1
122112 13 1
122112 32 1
122323 8 0
122323 13 0
122323 1 1
122534 32 0
122534 1 0
122534 8 1
122746 8 0
122746 29 1
122746 13 1
122957 29 0
122957 13 0
122957 31 1
122957 8 1
123168 31 0
123168 8 0
123168 1 1
123168 24 1
123168 27 1
123168 32 1
123379 1 0
123379 8 1
123802 8 0
123802 15 1
123802 20 1
124013 15 0
124013 20 0
124013 8 1
124224 24 0
124224 27 0
124224 32 0
124224 8 0
124224 15 1
124436 15 0
124436 27 1
124436 20 1
124647 27 0
124647 20 0
124647 27 1
124647 36 1
124647 15 1
124858 27 0
124858 36 0
124858 15 0
124858 8 1
124858 27 1
124858 36 1
125070 8 0
125070 3 1
125281 27 0
125281 36 0
125281 27 1
125281 31 1
125281 34 1
125492 3 0
125492 10 1
125492 15 1
125703 10 0
125703 15 0
125703 3 1
125915 27 0
125915 31 0
125915 34 0
125915 3 0
125915 10 1
126126 10 0
126126 15 1
126337 15 0
126337 10 1
126337 32 1
126548 10 0
126548 3 1
126760 32 0
126760 3 0
126760 29 1
126760 32 1
126760 36 1
126760 5 1
127182 29 0
127182 32 0
127182 36 0
127182 5 0
127182 29 1
127182 36 1
127182 12 1
127182 17 1
127394 29 0
127394 36 0
127394 12 0
127394 17 0
127394 5 1
127394 37 1
127605 5 0
127605 12 1
127816 37 0
127816 12 0
127816 36 1
127816 17 1
128027 36 0
128027 17 0
128027 34 1
128027 12 1
128239 34 0
128239 12 0
128239 32 1
128239 5 1
128450 32 0
128450 5 0
128450 25 1
128450 29 1
128450 34 1
128450 1 1
128661 25 0
128661 29 0
128661 34 0
128661 32 1
128872 1 0
128872 8 1
128872 13 1
129084 8 0
129084 13 0
129084 1 1
129295 32 0
129295 1 0
129295 8 1
129506 8 0
129506 13 1
129717 13 0
129717 32 1
129717 8 1
129823 32 0
129823 34 1
129929 34 0
129929 8 0
129929 36 1
129929 1 1
130034 36 0
130034 37 1
130140 37 0
130140 1 0
130140 8 1
130140 27 1
130140 32 1
130140 39 1
130563 8 0
130563 8 1
130774 27 0
130774 32 0
130774 39 0
130774 8 0
130774 15 1
130774 27 1
130774 36 1
130985 15 0
130985 20 1
131196 20 0
131196 15 1
131408 27 0
131408 36 0
131408 15 0
131408 3 1
131408 27 1
131408 31 1
131408 34 1
131830 3 0
131830 3 1
132041 3 0
132041 10 1
132253 10 0
132253 15 1
132464 15 0
132464 10 1
132675 27 0
132675 31 0
132675 34 0
132675 10 0
132675 3 1
132675 32 1
132886 3 0
132886 10 1
133098 32 0
133098 10 0
133098 15 1
133098 32 1
133309 15 0
133309 10 1
133520 32 0
133520 10 0
133520 5 1
133520 29 1
133520 32 1
133520 39 1
133943 5 0
133943 5 1
134154 29 0
134154 32 0
134154 39 0
134154 5 0
134154 12 1
134154 29 1
134154 32 1
134154 36 1
134365 12 0
134365 17 1
134577 17 0
134577 12 1
134788 29 0
134788 32 0
134788 36 0
134788 12 0
134788 1 1
134788 25 1
134788 29 1
134788 32 1
135210 1 0
135210 1 1
135422 1 0
135422 8 1
135633 8 0
135633 13 1
135844 13 0
135844 8 1
136055 8 0
136055 1 1
136267 1 0
136267 8 1
136478 25 0
136478 29 0
136478 32 0
136478 8 0
136478 32 1
136478 13 1
136689 32 0
136689 13 0
136689 32 1
136689 8 1
136901 32 0
136901 8 0
136901 0 1
136901 24 1
136901 27 1
136901 31 1
137323 0 0
137323 0 1
137534 24 0
137534 27 0
137534 31 0
137534 0 0
137534 7 1
137534 27 1
137746 7 0
137746 12 1
137957 12 0
137957 7 1
138168 27 0
138168 7 0
138168 23 1
138168 27 1
138802 6 1
139013 6 0
139013 11 1
139224 11 0
139224 6 1
139436 23 0
139436 27 0
139436 6 0
139647 34 1
139647 46 1
139753 34 0
139753 46 0
139858 35 1
139858 47 1
139858 11 1
139964 35 0
139964 47 0
139964 11 0
140070 36 1
140070 48 1
140070 8 1
140175 36 0
140175 48 0
140175 8 0
140281 37 1
140281 49 1
140281 1 1
140386 37 0
140386 49 0
140492 1 0
140492 30 1
140492 42 1
140598 30 0
140598 42 0
140703 32 1
140703 44 1
140703 1 1
140703 13 1
140809 32 0
140809 44 0
140915 1 0
140915 13 0
140915 30 1
140915 42 1
141020 30 0
141020 42 0
141126 35 1
141126 47 1
141126 1 1
141126 13 1
141231 35 0
141231 47 0
141337 1 0
141337 13 0
141337 34 1
141337 46 1
141443 34 0
141443 46 0
141548 32 1
141548 44 1
141548 1 1
141548 13 1
141654 32 0
141654 44 0
141760 1 0
141760 13 0
141760 30 1
141760 42 1
141865 30 0
141865 42 0
141971 28 1
141971 40 1
141971 1 1
141971 13 1
142077 28 0
142077 40 0
142182 1 0
142182 13 0
142182 30 1
142182 42 1
142288 30 0
142288 42 0
142393 32 1
142393 44 1
142393 1 1
142393 13 1
142499 32 0
142499 44 0
142605 1 0
142605 13 0
142605 29 1
142605 41 1
142710 29 0
142710 41 0
142816 30 1
142816 42 1
142816 1 1
142816 13 1
142922 30 0
142922 42 0
143027 1 0
143027 13 0
143027 32 1
143027 44 1
143133 32 0
143133 44 0
143239 35 1
143239 47 1
143239 1 1
143239 13 1
143344 35 0
143344 47 0
143450 1 0
143450 13 0
143450 36 1
143450 48 1
143555 36 0
143555 48 0
143661 37 1
143661 49 1
143661 1 1
143767 37 0
143767 49 0
143767 1 0
143767 42 1
143872 42 0
143872 44 1
143872 1 1
143978 44 0
143978 1 0
143978 42 1
144084 42 0
144084 47 1
144084 1 1
144189 47 0
144189 1 0
144189 46 1
144295 46 0
144295 44 1
144295 1 1
144400 44 0
144400 1 0
144400 42 1
144506 42 0
144506 40 1
144506 6 1
144612 40 0
144612 42 1
144717 42 0
144717 44 1
144823 44 0
144823 6 0
144823 41 1
144823 8 1
144929 41 0
144929 42 1
145034 42 0
145034 44 1
145140 44 0
145140 8 0
145140 47 1
145140 1 1
145246 47 0
145246 1 0
145246 48 1
145351 48 0
145351 49 1
145351 1 1
145457 49 0
145457 1 0
145457 42 1
145562 42 0
145562 44 1
145562 1 1
145668 44 0
145668 1 0
145668 42 1
145774 42 0
145774 47 1
145774 1 1
145879 47 0
145879 1 0
145879 46 1
145985 46 0
145985 44 1
145985 1 1
146091 44 0
146091 1 0
146091 42 1
146196 42 0
146196 40 1
146196 6 1
146196 18 1
146302 40 0
146302 42 1
146408 42 0
146408 44 1
146513 44 0
146513 6 0
146513 18 0
146513 41 1
146513 8 1
146513 20 1
146619 41 0
146619 42 1
146724 42 0
146724 44 1
146830 44 0
146830 8 0
146830 20 0
146830 46 1
146830 1 1
146899 46 0
146899 47 1
146936 1 0
146970 47 0
146970 48 1
147041 48 0
147041 49 1
147041 61 1
147041 1 1
147464 49 0
147464 61 0
147464 1 0
147464 13 1
147464 20 1
147464 25 1
147569 13 0
147569 20 0
147675 25 0
147675 13 1
147675 20 1
147675 24 1
147781 13 0
147781 20 0
147886 13 1
147886 20 1
147992 13 0
147992 20 0
148098 24 0
148098 13 1
148098 20 1
148098 25 1
148203 13 0
148203 20 0
148309 13 1
148309 20 1
148415 13 0
148415 20 0
148520 25 0
148520 13 1
148520 20 1
148520 24 1
148520 27 1
148626 13 0
148626 20 0
148731 1 1
148731 13 1
148943 24 0
148943 27 0
148943 1 0
148943 13 0
148943 13 1
148943 20 1
148943 25 1
148943 29 1
149048 13 0
149048 20 0
149154 13 1
149154 20 1
149260 13 0
149260 20 0
149365 25 0
149365 29 0
149365 13 1
149365 20 1
149365 27 1
149365 30 1
149471 13 0
149471 20 0
149577 13 1
149577 20 1
149682 13 0
149682 20 0
149788 27 0
149788 30 0
149788 13 1
149788 20 1
149788 29 1
149788 32 1
149893 13 0
149893 20 0
149999 13 1
149999 20 1
150105 13 0
150105 20 0
150210 29 0
150210 32 0
150210 13 1
150210 20 1
150210 32 1
150210 35 1
150316 13 0
150316 20 0
150422 1 1
150422 13 1
150633 32 0
150633 35 0
150633 1 0
150633 13 0
150633 13 1
150633 20 1
150633 30 1
150633 34 1
150739 13 0
150739 20 0
150844 13 1
150844 20 1
150950 13 0
150950 20 0
151055 30 0
151055 34 0
151055 13 1
151055 20 1
151055 29 1
151055 32 1
151161 13 0
151161 20 0
151267 13 1
151267 20 1
151372 13 0
151372 20 0
151478 29 0
151478 32 0
151478 13 1
151478 20 1
151478 27 1
151478 30 1
151584 13 0
151584 20 0
151689 13 1
151689 20 1
151795 13 0
151795 20 0
151900 27 0
151900 30 0
151900 11 1
151900 29 1
151900 32 1
152323 11 0
152323 0 1
152323 12 1
152746 0 0
152746 12 0
152746 1 1
152746 13 1
152957 29 0
152957 32 0
153168 1 0
153168 13 0
153168 8 1
153591 8 0
153591 46 1
153591 1 1
153660 46 0
153660 47 1
153731 47 0
153731 48 1
153802 48 0
153802 1 0
153802 49 1
153802 61 1
153802 1 1
154224 49 0
154224 61 0
154224 1 0
154224 25 1
154224 13 1
154224 20 1
154436 25 0
154436 13 0
154436 20 0
154436 13 1
154436 20 1
154436 24 1
154647 13 0
154647 20 0
154647 13 1
154647 20 1
154858 24 0
154858 13 0
154858 20 0
154858 13 1
154858 20 1
154858 25 1
155069 13 0
155069 20 0
155069 13 1
155069 20 1
155281 25 0
155281 13 0
155281 20 0
155281 13 1
155281 20 1
155281 24 1
155281 27 1
155492 13 0
155492 20 0
155492 1 1
155492 13 1
155703 24 0
155703 27 0
155703 1 0
155703 13 0
155703 13 1
155703 20 1
155703 25 1
155703 29 1
155915 13 0
155915 20 0
155915 13 1
155915 20 1
156126 25 0
156126 29 0
156126 13 0
156126 20 0
156126 13 1
156126 20 1
156126 27 1
156126 30 1
156337 13 0
156337 20 0
156337 13 1
156337 20 1
156548 27 0
156548 30 0
156548 13 0
156548 20 0
156548 13 1
156548 20 1
156548 29 1
156548 32 1
156760 13 0
156760 20 0
156760 13 1
156760 20 1
156971 29 0
156971 32 0
156971 13 0
156971 20 0
156971 13 1
156971 20 1
156971 32 1
156971 35 1
157182 13 0
157182 20 0
157182 1 1
157182 13 1
157393 32 0
157393 35 0
157393 1 0
157393 13 0
157393 13 1
157393 20 1
157393 30 1
157393 34 1
157605 13 0
157605 20 0
157605 13 1
157605 20 1
157816 30 0
157816 34 0
157816 13 0
157816 20 0
157816 13 1
157816 20 1
157816 29 1
157816 32 1
158027 13 0
158027 20 0
158027 13 1
158027 20 1
158238 29 0
158238 32 0
158238 13 0
158238 20 0
158238 13 1
158238 20 1
158238 27 1
158238 30 1
158450 13 0
158450 20 0
158450 13 1
158450 20 1
158661 27 0
158661 30 0
158661 13 0
158661 20 0
158661 32 1
158661 35 1
158661 11 1
159084 32 0
159084 35 0
159084 11 0
159084 30 1
159084 34 1
159084 0 1
159084 12 1
159295 30 0
159295 34 0
159295 29 1
159295 32 1
159506 29 0
159506 32 0
159506 0 0
159506 12 0
159506 34 1
159506 1 1
159506 13 1
159717 34 0
159717 32 1
160140 32 0
160140 1 0
160140 13 0
160140 46 1
160140 8 1
160209 46 0
160209 47 1
160280 47 0
160280 48 1
160351 48 0
160351 8 0
160351 49 1
160351 61 1
160351 1 1
160457 49 0
160457 61 0
160457 1 0
160562 51 1
160562 3 1
160774 51 0
160774 3 0
160985 27 1
160985 15 1
160985 22 1
161196 27 0
161196 15 0
161196 22 0
161196 15 1
161196 22 1
161196 26 1
161407 15 0
161407 22 0
161407 15 1
161407 22 1
161619 26 0
161619 15 0
161619 22 0
161619 15 1
161619 22 1
161619 27 1
161830 15 0
161830 22 0
161830 15 1
161830 22 1
162041 27 0
162041 15 0
162041 22 0
162041 15 1
162041 22 1
162041 26 1
162041 29 1
162253 15 0
162253 22 0
162253 3 1
162253 15 1
162464 26 0
162464 29 0
162464 3 0
162464 15 0
162464 15 1
162464 22 1
162464 27 1
162464 31 1
162675 15 0
162675 22 0
162675 15 1
162675 22 1
162886 27 0
162886 31 0
162886 15 0
162886 22 0
162886 15 1
162886 22 1
162886 29 1
162886 32 1
163098 15 0
163098 22 0
163098 15 1
163098 22 1
163309 29 0
163309 32 0
163309 15 0
163309 22 0
163309 15 1
163309 22 1
163309 31 1
163309 34 1
163520 15 0
163520 22 0
163520 15 1
163520 22 1
163731 31 0
163731 34 0
163731 15 0
163731 22 0
163731 15 1
163731 22 1
163731 34 1
163731 37 1
163943 15 0
163943 22 0
163943 3 1
163943 15 1
164154 34 0
164154 37 0
164154 3 0
164154 15 0
164154 15 1
164154 22 1
164154 32 1
164154 36 1
164365 15 0
164365 22 0
164365 15 1
164365 22 1
164576 32 0
164576 36 0
164576 15 0
164576 22 0
164576 15 1
164576 22 1
164576 31 1
164576 34 1
164788 15 0
164788 22 0
164788 15 1
164788 22 1
164999 31 0
164999 34 0
164999 15 0
164999 22 0
164999 15 1
164999 22 1
164999 29 1
164999 32 1
165210 15 0
165210 22 0
165210 15 1
165210 22 1
165422 29 0
165422 32 0
165422 15 0
165422 22 0
165422 1 1
165422 13 1
165422 31 1
165422 34 1
165844 1 0
165844 13 0
165844 2 1
165844 14 1
166267 2 0
166267 14 0
166267 3 1
166267 15 1
166689 3 0
166689 15 0
166689 10 1
166900 31 0
166900 34 0
167112 10 0
167112 10 1
167323 10 0
167323 53 1
167323 5 1
167745 53 0
167745 5 0
167745 36 1
167745 17 1
167825 20 1
167904 24 1
167957 36 0
167957 36 1
168379 36 0
168379 36 1
168591 17 0
168591 20 0
168591 24 0
168802 36 0
168802 36 1
168802 13 1
168802 17 1
168802 20 1
168802 25 1
169224 36 0
169224 32 1
169436 32 0
169436 32 1
170281 32 0
170492 32 1
170703 32 0
170703 13 0
170703 17 0
170703 20 0
170703 25 0
170703 31 1
170703 34 1
170703 15 1
170703 19 1
170703 22 1
170703 27 1
171126 31 0
171126 34 0
171126 15 0
171126 19 0
171126 22 0
171126 27 0
171126 32 1
171126 15 1
171126 19 1
171126 22 1
171126 27 1
171337 32 0
171337 34 1
171548 15 0
171548 19 0
171548 22 0
171548 27 0
171548 15 1
171548 19 1
171548 22 1
171548 27 1
171760 34 0
171760 36 1
171971 15 0
171971 19 0
171971 22 0
171971 27 0
171971 15 1
171971 19 1
171971 22 1
171971 27 1
172182 36 0
172182 29 1
172182 34 1
172182 37 1
172393 15 0
172393 19 0
172393 22 0
172393 27 0
172393 10 1
172393 17 1
172393 22 1
172816 29 0
172816 34 0
172816 37 0
172816 10 0
172816 17 0
172816 22 0
172816 24 1
172816 10 1
172816 17 1
172816 22 1
173238 24 0
173238 10 0
173238 17 0
173238 22 0
173238 24 1
173238 25 1
173238 10 1
173238 17 1
173238 22 1
173661 24 0
173661 25 0
173661 10 0
173661 17 0
173661 22 0
173661 25 1
173661 29 1
173661 10 1
173661 17 1
173661 22 1
174084 25 0
174084 29 0
174084 10 0
174084 17 0
174084 22 0
174084 17 1
174084 20 1
174084 25 1
174084 1 1
174084 13 1
174189 17 0
174189 20 0
174189 25 0
174189 1 0
174189 13 0
174295 17 1
174295 20 1
174295 25 1
174295 1 1
174295 13 1
174400 17 0
174400 20 0
174400 25 0
174400 1 0
174400 13 0
174506 17 1
174506 20 1
174506 25 1
174506 1 1
174506 13 1
174612 17 0
174612 20 0
174612 25 0
174612 1 0
174612 13 0
174717 17 1
174717 20 1
174717 25 1
174717 1 1
174717 13 1
174823 17 0
174823 20 0
174823 25 0
174823 1 0
174823 13 0
174929 17 1
174929 20 1
174929 25 1
174929 1 1
175034 17 0
175034 20 0
175034 25 0
175140 1 0
175140 37 1
175140 49 1
175351 37 0
175351 49 0
175351 37 1
175351 49 1
175562 37 0
175562 49 0
175562 37 1
175562 49 1
175774 37 0
175774 49 0
175774 8 1
175774 36 1
175774 39 1
175774 44 1
175774 48 1
176196 8 0
176196 8 1
176407 8 0
176407 15 1
176619 36 0
176619 39 0
176619 44 0
176619 48 0
176619 15 0
176619 20 1
176830 20 0
176830 27 1
176830 39 1
176830 15 1
177041 27 0
177041 39 0
177041 15 0
177041 27 1
177041 39 1
177041 8 1
177253 27 0
177253 39 0
177253 8 0
177253 15 1
177253 34 1
177253 39 1
177253 43 1
177253 46 1
177464 15 0
177464 3 1
177886 3 0
177886 3 1
178098 3 0
178098 10 1
178309 34 0
178309 39 0
178309 43 0
178309 46 0
178309 10 0
178309 15 1
178520 15 0
178520 10 1
178731 10 0
178731 3 1
178731 32 1
178731 44 1
178943 3 0
178943 10 1
179154 32 0
179154 44 0
179154 10 0
179154 29 1
179154 36 1
179154 41 1
179154 5 1
179576 29 0
179576 36 0
179576 41 0
179576 5 0
179576 29 1
179576 41 1
179576 5 1
179788 29 0
179788 41 0
179788 5 0
179788 29 1
179788 41 1
179788 12 1
179999 29 0
179999 41 0
179999 12 0
179999 29 1
179999 36 1
179999 41 1
179999 17 1
180210 29 0
180210 36 0
180210 41 0
180210 17 0
180210 12 1
180210 31 1
180210 43 1
180422 12 0
180422 5 1
180633 31 0
180633 43 0
180633 5 0
180633 12 1
180633 32 1
180633 37 1
180633 41 1
180633 44 1
180844 12 0
180844 1 1
181055 32 0
181055 37 0
181055 41 0
181055 44 0
181055 34 1
181055 46 1
181267 34 0
181267 46 0
181267 1 0
181267 1 1
181267 32 1
181267 44 1
181478 1 0
181478 8 1
181689 32 0
181689 44 0
181689 8 0
181689 13 1
181900 13 0
181900 29 1
181900 41 1
181900 8 1
182112 29 0
182112 41 0
182112 8 0
182112 31 1
182112 43 1
182112 1 1
182323 31 0
182323 43 0
182323 1 0
182323 8 1
182323 32 1
182323 36 1
182323 39 1
182323 44 1
182534 8 0
182534 8 1
182957 8 0
182957 8 1
183168 8 0
183168 15 1
183379 32 0
183379 36 0
183379 39 0
183379 44 0
183379 15 0
183379 20 1
183591 20 0
183591 27 1
183591 39 1
183591 15 1
183802 27 0
183802 39 0
183802 15 0
183802 36 1
183802 48 1
183802 8 1
184013 36 0
184013 48 0
184013 8 0
184013 15 1
184013 36 1
184013 48 1
184224 15 0
184224 3 1
184436 36 0
184436 48 0
184436 34 1
184436 39 1
184436 43 1
184436 46 1
184647 3 0
184647 3 1
184858 3 0
184858 10 1
185069 34 0
185069 39 0
185069 43 0
185069 46 0
185069 10 0
185069 15 1
185281 15 0
185281 10 1
185492 10 0
185492 3 1
185492 32 1
185492 44 1
185703 3 0
185703 10 1
185914 32 0
185914 44 0
185914 10 0
185914 36 1
185914 41 1
185914 44 1
185914 48 1
185914 5 1
186337 36 0
186337 41 0
186337 44 0
186337 48 0
186337 5 0
186337 5 1
186337 36 1
186337 41 1
186337 48 1
186548 5 0
186548 12 1
186654 36 0
186654 41 0
186654 48 0
186654 37 1
186654 49 1
186760 12 0
186760 17 1
186971 37 0
186971 49 0
186971 17 0
186971 36 1
186971 48 1
186971 12 1
187182 36 0
187182 48 0
187182 12 0
187182 34 1
187182 46 1
187182 5 1
187393 34 0
187393 46 0
187393 5 0
187393 32 1
187393 44 1
187393 12 1
187605 32 0
187605 44 0
187605 12 0
187605 34 1
187605 37 1
187605 41 1
187605 46 1
187605 1 1
187816 34 0
187816 37 0
187816 41 0
187816 46 0
187816 32 1
187816 44 1
188027 1 0
188027 1 1
188238 1 0
188238 8 1
188450 32 0
188450 44 0
188450 8 0
188450 13 1
188661 13 0
188661 8 1
188872 8 0
188872 44 1
188872 1 1
188978 44 0
188978 46 1
189083 46 0
189083 1 0
189083 48 1
189083 8 1
189189 48 0
189189 49 1
189295 49 0
189295 8 0
189295 8 1
189295 39 1
189295 44 1
189295 51 1
189717 8 0
189717 8 1
189929 39 0
189929 44 0
189929 51 0
189929 8 0
189929 15 1
189929 36 1
189929 48 1
190140 15 0
190140 20 1
190351 20 0
190351 15 1
190562 36 0
190562 48 0
190562 15 0
190562 3 1
190562 34 1
190562 39 1
190562 43 1
190562 46 1
190985 3 0
190985 3 1
191196 3 0
191196 10 1
191407 10 0
191407 15 1
191619 15 0
191619 10 1
191830 34 0
191830 39 0
191830 43 0
191830 46 0
191830 10 0
191830 3 1
191830 32 1
191830 44 1
192041 3 0
192041 10 1
192252 32 0
192252 44 0
192252 10 0
192252 15 1
192252 32 1
192252 44 1
192464 15 0
192464 10 1
192675 32 0
192675 44 0
192675 10 0
192675 5 1
192675 39 1
192675 41 1
192675 44 1
192675 51 1
193098 5 0
193098 5 1
193309 39 0
193309 41 0
193309 44 0
193309 51 0
193309 5 0
193309 12 1
193309 36 1
193309 41 1
193309 44 1
193309 48 1
193520 12 0
193520 17 1
193731 17 0
193731 12 1
193943 36 0
193943 41 0
193943 44 0
193943 48 0
193943 12 0
193943 37 1
193943 49 1
193943 1 1
194154 37 0
194154 49 0
194154 36 1
194154 48 1
194365 1 0
194365 1 1
194576 36 0
194576 48 0
194576 1 0
194576 34 1
194576 46 1
194576 8 1
194788 34 0
194788 46 0
194788 8 0
194788 13 1
194788 32 1
194788 44 1
194999 13 0
194999 13 1
195210 13 0
195210 20 1
195421 20 0
195421 25 1
195633 25 0
195633 20 1
195844 20 0
195844 13 1
196055 32 0
196055 44 0
196055 13 0
196055 20 1
196055 25 1
196055 28 1
196055 1 1
196267 20 0
196267 25 0
196267 28 0
196267 27 1
196478 27 0
196478 1 0
196478 28 1
196478 1 1
196689 28 0
196689 1 0
196689 30 1
196689 8 1
196900 30 0
196900 8 0
196900 32 1
196900 13 1
197112 32 0
197112 13 0
197112 34 1
197112 8 1
197323 34 0
197323 8 0
197323 32 1
197323 36 1
197323 44 1
197323 1 1
197534 32 0
197534 36 0
197534 44 0
197534 1 0
197534 32 1
197534 37 1
197534 44 1
197534 8 1
197745 32 0
197745 37 0
197745 44 0
197745 8 0
197745 31 1
197745 34 1
197745 39 1
197745 43 1
197745 0 1
198168 31 0
198168 34 0
198168 39 0
198168 43 0
198168 0 0
198168 32 1
198168 0 1
198379 32 0
198379 0 0
198379 7 1
198379 44 1
198590 7 0
198590 12 1
198802 44 0
198802 12 0
198802 39 1
198802 7 1
199013 39 0
199013 7 0
199013 39 1
199013 44 1
199013 51 1
199436 39 0
199436 44 0
199436 51 0
199436 18 1
199436 23 1
199436 11 1
199647 18 0
199647 23 0
199647 11 0
199647 15 1
199647 11 1
199858 15 0
199858 11 0
199858 18 1
199858 23 1
199858 27 1
199858 11 1
200069 18 0
200069 23 0
200069 27 0
200069 11 0
200069 15 1
200069 11 1
200281 15 0
200281 11 0
200281 27 1
200281 30 1
200281 35 1
200281 11 1
200492 27 0
200492 30 0
200492 35 0
200492 11 0
200492 23 1
200492 11 1
200703 23 0
200703 11 0
200703 30 1
200703 35 1
200703 39 1
200703 11 1
200914 30 0
200914 35 0
200914 39 0
200914 11 0
200914 27 1
200914 11 1
201126 27 0
201126 11 0
201126 39 1
201126 42 1
201126 47 1
201126 11 1
201337 39 0
201337 42 0
201337 47 0
201337 11 0
201337 35 1
201337 11 1
201548 35 0
201548 11 0
201548 39 1
201548 42 1
201548 47 1
201548 51 1
201548 11 1
201759 39 0
201759 42 0
201759 47 0
201759 51 0
201759 51 1
201759 54 1
201759 59 1
201865 51 0
201865 54 0
201865 59 0
201971 11 0
201971 51 1
201971 54 1
201971 59 1
202076 51 0
202076 54 0
202076 59 0
202182 51 1
202182 54 1
202182 59 1
202288 51 0
202288 54 0
202288 59 0
202393 51 1
202393 54 1
202393 59 1
202499 51 0
202499 54 0
202499 59 0
202605 24 1
202710 24 0
202816 25 1
202816 1 1
202816 13 1
203238 25 0
203238 25 1
203450 25 0
203450 24 1
203661 24 0
203661 25 1
203872 25 0
203872 24 1
204083 24 0
204083 25 1
204295 25 0
204295 25 1
204506 25 0
204506 24 1
204717 24 0
204717 20 1
206196 20 0
206196 1 0
206196 13 0
206196 53 1
206196 1 1
207886 53 0
207886 1 0
