0 20 1
0 13 1
0 1 1
400 25 1
400 20 0
800 25 0
800 28 1
1200 28 0
1200 20 1
1600 25 1
1600 20 0
2000 25 0
2000 28 1
2400 28 0
2400 20 1
2800 25 1
2800 20 0
3200 25 0
3200 28 1
3600 28 0
3600 20 1
4000 25 1
4000 20 0
4400 25 0
4400 28 1
4787 13 0
4787 1 0
4800 28 0
4800 20 1
4800 11 1
5200 25 1
5200 20 0
5587 28 1
5612 25 0
5987 28 0
6000 20 1
6400 25 1
6400 20 0
6800 25 0
6800 28 1
7200 28 0
7200 20 1
7600 25 1
7600 20 0
8000 25 0
8000 28 1
8400 28 0
8400 20 1
8800 25 1
8800 20 0
9200 25 0
9200 28 1
9587 11 0
9600 28 0
9600 21 1
9600 9 1
10000 21 0
10000 25 1
10400 25 0
10400 28 1
10800 28 0
10800 21 1
11200 21 0
11200 25 1
11600 25 0
11600 28 1
11987 9 0
12000 28 0
12000 21 1
12000 6 1
12400 26 1
12775 21 0
12800 26 0
12800 30 1
13200 30 0
13200 21 1
13600 21 0
13600 26 1
14000 26 0
14000 30 1
14387 6 0
14400 30 0
14400 20 1
14400 8 1
14800 24 1
14800 20 0
15200 24 0
15200 30 1
15600 30 0
15600 20 1
16000 25 1
16000 20 0
16400 25 0
16400 28 1
16787 8 0
16800 28 0
16800 20 1
16800 8 1
17225 25 1
17225 20 0
17669 25 0
17669 27 1
18082 8 0
18095 27 0
18095 18 1
18521 24 1
18521 18 0
18946 24 0
18946 27 1
19372 27 0
19372 16 1
19372 8 1
19372 1 1
19372 13 1
19772 16 0
19772 20 1
20172 25 1
20172 20 0
20572 25 0
20572 20 1
20972 25 1
20972 20 0
21372 25 0
21372 28 1
21772 28 0
21772 20 1
22172 25 1
22172 20 0
22572 25 0
22572 28 1
22972 28 0
22972 32 1
22972 20 1
23372 25 1
23372 20 0
23772 25 0
23772 28 1
23872 32 0
23872 32 1
24159 8 0
24159 1 0
24159 13 0
24172 28 0
24172 32 0
24172 32 1
24172 20 1
24172 12 1
24172 8 1
24172 0 1
24572 27 1
24572 20 0
24972 27 0
24972 30 1
25372 30 0
25372 20 1
25772 27 1
25772 20 0
26172 27 0
26172 30 1
26572 30 0
26572 20 1
26972 27 1
26972 20 0
27372 27 0
27372 30 1
27759 32 0
27772 30 0
27772 32 1
27772 20 1
28172 27 1
28172 20 0
28572 27 0
28572 30 1
28672 32 0
28672 32 1
28959 12 0
28959 8 0
28959 0 0
28972 30 0
28972 32 0
28972 32 1
28972 20 1
28972 13 1
28972 1 1
29372 25 1
29372 20 0
29772 25 0
29772 28 1
30172 28 0
30172 20 1
30572 25 1
30572 20 0
30972 25 0
30972 28 1
31359 32 0
31359 13 0
31359 1 0
31372 28 0
31372 21 1
31372 33 1
31372 6 1
31772 25 1
31784 21 0
32172 25 0
32172 30 1
32572 30 0
32572 21 1
32972 21 0
32972 25 1
33372 25 0
33372 30 1
33759 33 0
33759 6 0
33772 30 0
33772 32 1
33772 20 1
33772 11 1
34172 23 1
34172 20 0
34572 23 0
34572 28 1
34972 28 0
34972 20 1
35372 23 1
35372 20 0
35772 23 0
35772 28 1
36159 32 0
36159 30 1
36159 11 0
36172 28 0
36172 21 1
36172 11 1
36572 21 0
36572 23 1
36672 30 0
36972 23 0
36972 27 1
37272 21 1
37359 21 0
37372 27 0
37372 35 1
37772 23 1
38172 23 0
38172 27 1
38559 35 0
38559 11 0
38572 27 0
38572 28 1
38572 20 1
38572 4 1
38572 16 1
38972 23 1
38972 20 0
39372 23 0
39372 28 1
39759 28 0
39759 28 0
39772 20 1
40172 23 1
40172 20 0
40572 23 0
40572 28 1
40972 28 0
40972 20 1
41372 23 1
41372 20 0
41772 23 0
41772 28 1
42172 28 0
42172 20 1
42572 23 1
42572 20 0
42972 23 0
42972 28 1
43359 4 0
43359 16 0
43372 28 0
43372 19 1
43372 4 1
43372 16 1
43772 23 1
43772 19 0
44172 23 0
44172 28 1
44572 28 0
44572 19 1
44972 23 1
44972 19 0
45372 23 0
45372 28 1
45772 28 0
45772 19 1
46172 23 1
46172 19 0
46572 23 0
46572 28 1
46972 28 0
46972 31 1
46972 19 1
47372 23 1
47372 19 0
47772 23 0
47772 28 1
47872 31 0
47872 31 1
48159 4 0
48159 16 0
48172 28 0
48172 31 0
48172 31 1
48172 19 1
48172 14 1
48172 2 1
48572 23 1
48572 19 0
48972 23 0
48972 29 1
49372 29 0
49372 19 1
49772 23 1
49772 19 0
50172 23 0
50172 29 1
50572 29 0
50572 19 1
50972 23 1
50972 19 0
51372 23 0
51372 29 1
51759 31 0
51772 29 0
51772 31 1
51772 19 1
52172 23 1
52172 19 0
52572 23 0
52572 29 1
52672 31 0
52672 31 1
52959 14 0
52959 2 0
52972 29 0
52972 31 0
52972 31 1
52972 19 1
52972 0 1
52972 12 1
53372 24 1
53372 19 0
53772 24 0
53772 28 1
54159 0 0
54159 12 0
54172 28 0
54172 19 1
54172 11 1
54572 23 1
54572 19 0
54972 23 0
54972 28 1
55359 11 0
55372 28 0
55372 19 1
55372 10 1
55772 25 1
55772 19 0
56172 25 0
56172 28 1
56559 31 0
56572 28 0
56572 30 1
56572 18 1
56972 25 1
56972 18 0
57372 25 0
57372 28 1
57759 30 0
57759 10 0
57772 28 0
57772 30 1
57772 18 1
57772 11 1
58172 23 1
58172 18 0
58572 23 0
58572 26 1
58972 26 0
58972 18 1
59372 23 1
59372 18 0
59772 23 0
59772 26 1
60159 30 0
60159 11 0
60172 26 0
60172 31 1
60172 19 1
60172 4 1
60572 23 1
60572 19 0
60972 23 0
60972 25 1
61359 31 0
61359 4 0
61372 25 0
61372 28 1
61372 7 1
61372 16 1
61772 23 1
61772 7 0
62172 23 0
62172 25 1
62559 28 0
62559 16 0
62572 25 0
62572 30 1
62572 18 1
62572 6 1
62972 23 1
62972 18 0
63372 23 0
63372 26 1
63772 26 0
63772 18 1
64172 23 1
64572 23 0
64572 26 1
64959 30 0
64959 6 0
64959 18 0
64972 26 0
64972 30 1
64972 18 1
64972 6 1
65397 22 1
65397 18 0
65842 22 0
65842 25 1
66267 25 0
66267 18 1
66693 22 1
66693 18 0
67118 22 0
67118 25 1
67530 6 0
67544 23 1
67544 11 1
67556 25 0
67556 30 0
67944 23 0
67944 26 1
68344 26 0
68344 30 1
68744 30 0
68744 23 1
69144 23 0
69144 26 1
69544 26 0
69544 30 1
69944 30 0
69944 23 1
70344 23 0
70344 27 1
70744 27 0
70744 30 1
71144 30 0
71144 23 1
71144 35 1
71544 23 0
71544 27 1
71944 27 0
71944 30 1
72244 23 1
72331 35 0
72344 30 0
72344 36 1
72731 23 0
72744 28 1
73144 28 0
73144 31 1
73531 11 0
73544 31 0
73544 23 1
73544 4 1
73544 16 1
73931 28 1
74331 28 0
74344 31 1
74481 23 0
74731 4 0
74731 16 0
74744 31 0
74744 23 1
74744 19 1
74744 7 1
75144 23 0
75144 28 1
75544 28 0
75544 31 1
75931 36 0
75931 19 0
75931 7 0
75944 31 0
75944 23 1
75944 34 1
75944 16 1
75944 4 1
76344 23 0
76344 28 1
76744 28 0
76744 31 1
77131 34 0
77131 16 0
77131 4 0
77144 31 0
77144 23 1
77144 35 1
77144 11 1
77544 23 0
77544 27 1
77944 27 0
77944 30 1
78344 30 0
78344 23 1
78744 23 0
78744 27 1
79144 27 0
79144 30 1
79544 30 0
79544 23 1
79944 23 0
79944 27 1
80344 27 0
80344 30 1
80731 35 0
80744 30 0
80744 23 1
80744 35 1
81144 23 0
81144 27 1
81544 30 1
81619 27 0
81769 30 0
81844 23 1
81931 35 0
81944 36 1
82344 23 0
82344 28 1
82344 11 0
82744 28 0
82744 31 1
83144 31 0
83144 23 1
83144 16 1
83144 4 1
83544 23 0
83544 28 1
83944 28 0
83944 31 1
84331 16 0
84331 4 0
84344 31 0
84344 23 1
84344 19 1
84344 7 1
84744 23 0
84744 28 1
85144 28 0
85144 31 1
85531 36 0
85531 19 0
85531 7 0
85544 31 0
85544 23 1
85544 34 1
85544 16 1
85544 4 1
85944 23 0
85944 28 1
86344 28 0
86344 31 1
86731 34 0
86731 16 0
86731 4 0
86744 31 0
86744 23 1
86744 35 1
86744 11 1
87144 23 0
87144 27 1
87544 27 0
87544 30 1
87944 30 0
87944 23 1
88369 23 0
88369 27 1
88814 27 0
88814 30 1
89226 35 0
89226 11 0
89239 30 0
89239 23 1
89239 35 1
89239 8 1
89665 23 0
89665 26 1
90090 26 0
90090 29 1
90516 29 0
90516 23 1
90916 23 0
90916 26 1
91316 26 0
91316 29 1
91703 35 0
91703 8 0
91716 29 0
91716 23 1
91716 35 1
91716 5 1
92116 23 0
92116 25 1
92516 25 0
92516 32 1
92916 32 0
92916 23 1
93316 23 0
93316 25 1
93716 25 0
93716 32 1
94103 35 0
94103 5 0
94116 32 0
94116 21 1
94116 33 1
94116 6 1
94516 21 0
94516 25 1
94916 25 0
94916 30 1
95316 30 0
95316 21 1
95716 21 0
95716 25 1
96116 25 0
96116 30 1
96503 33 0
96503 6 0
96516 30 0
96516 31 1
96516 19 1
96516 11 1
96916 23 1
96916 19 0
97316 23 0
97316 26 1
97716 26 0
97716 19 1
98116 23 1
98116 19 0
98516 23 0
98516 26 1
98903 31 0
98903 11 0
98916 26 0
98916 30 1
98916 18 1
98916 0 1
98916 12 1
99316 21 1
99316 18 0
99716 21 0
99716 27 1
100116 27 0
100116 18 1
100516 21 1
100516 18 0
100916 21 0
100916 27 1
101303 30 0
101303 0 0
101303 12 0
101316 27 0
101316 25 1
101316 13 1
101316 1 1
101732 13 0
101732 18 1
102149 21 1
102149 18 0
102566 21 0
102566 13 1
103001 13 0
103001 18 1
103435 21 1
103435 18 0
103857 25 0
103857 1 0
103870 21 0
103870 25 1
103870 13 1
103870 1 1
104335 13 0
104335 18 1
104800 18 0
104800 20 1
105251 25 0
105251 1 0
105266 25 1
105266 20 0
105266 13 1
105266 1 1
105742 13 0
105742 1 0
105742 17 1
106229 17 0
106229 20 1
106714 25 0
106729 20 0
106729 18 1
106729 1 1
106729 6 1
107129 21 1
107129 18 0
107529 21 0
107529 25 1
107929 25 0
107929 21 1
108329 21 0
108329 25 1
108729 25 0
108729 30 1
109129 30 0
109129 25 1
109529 25 0
109529 30 1
109929 30 0
109929 33 1
110329 33 0
110329 25 1
110329 37 1
110729 25 0
110729 30 1
111129 30 0
111129 33 1
111229 37 0
111229 37 1
111517 1 0
111517 6 0
111529 33 0
111529 37 0
111529 25 1
111529 37 1
111529 17 1
111529 5 1
111529 13 1
111929 32 1
111942 25 0
112329 32 0
112329 35 1
112729 35 0
112729 25 1
113129 25 0
113129 32 1
113529 32 0
113529 35 1
113917 37 0
113929 35 0
113929 25 1
114329 25 0
114329 32 1
114729 32 0
114729 35 1
115129 35 0
115129 25 1
115129 37 1
115529 25 0
115529 32 1
115929 32 0
115929 35 1
116029 37 0
116029 37 1
116317 17 0
116317 5 0
116317 13 0
116329 35 0
116329 37 0
116329 25 1
116329 37 1
116329 6 1
116329 18 1
116729 25 0
116729 30 1
117129 30 0
117129 33 1
117529 33 0
117529 25 1
117929 30 1
118329 30 0
118329 33 1
118717 37 0
118717 25 0
118717 6 0
118717 18 0
118729 33 0
118729 24 1
118729 36 1
118729 3 1
118729 15 1
119129 24 0
119129 30 1
119529 30 0
119529 33 1
119917 36 0
119917 3 0
119917 15 0
119929 33 0
119929 25 1
119929 37 1
119929 13 1
119929 1 1
120329 25 0
120329 30 1
120729 30 0
120729 33 1
121117 37 0
121117 13 0
121117 1 0
121129 33 0
121129 27 1
121129 39 1
121129 0 1
121129 12 1
121129 8 1
121529 27 0
121529 30 1
121929 30 0
121929 32 1
122329 32 0
122329 27 1
122729 27 0
122729 30 1
123129 30 0
123129 32 1
123529 32 0
123529 27 1
123929 27 0
123929 30 1
124329 30 0
124329 32 1
124717 39 0
124717 0 0
124717 12 0
124717 8 0
124729 32 0
124729 27 1
124729 39 1
124729 8 1
124729 12 1
124729 0 1
125129 27 0
125129 30 1
125529 30 0
125529 32 1
125917 39 0
125917 8 0
125917 12 0
125917 0 0
125929 32 0
125929 28 1
125929 40 1
125929 13 1
125929 8 1
125929 1 1
126329 28 0
126329 32 1
126729 32 0
126729 37 1
127129 37 0
127129 28 1
127529 28 0
127529 32 1
127929 32 0
127929 37 1
128317 13 0
128317 8 0
128317 1 0
128329 37 0
128329 27 1
128329 39 1
128329 6 1
128729 27 0
128729 30 1
129129 30 0
129129 33 1
129517 40 0
129517 39 0
129517 6 0
129529 33 0
129529 25 1
129529 37 1
129529 7 1
129929 25 0
129929 28 1
130329 28 0
130329 34 1
130717 37 0
130717 7 0
130729 34 0
130729 36 1
130729 8 1
131129 24 1
131529 24 0
131529 27 1
131917 36 0
131929 27 0
131929 32 1
132329 24 1
132729 24 0
132729 27 1
133117 32 0
133129 27 0
133129 33 1
133517 24 1
133917 24 0
133929 27 1
134317 33 0
134329 27 0
134329 30 1
134717 24 1
135117 24 0
135129 27 1
135517 30 0
135517 8 0
135529 27 0
135529 8 1
135929 12 1
136329 12 0
136329 15 1
136729 15 0
136729 20 1
137129 12 1
137529 12 0
137529 15 1
137917 20 0
137929 21 1
137929 15 0
138317 12 1
138717 12 0
138729 15 1
139117 21 0
139129 15 0
139129 18 1
139529 12 1
139929 12 0
139929 15 1
140317 8 0
140317 18 0
140329 15 0
140329 16 1
140329 8 1
140729 28 1
140729 16 0
141117 32 1
141129 28 0
141517 32 0
141529 37 1
141929 28 1
142329 28 0
142329 32 1
142717 37 0
142729 32 0
142729 40 1
143129 28 1
143529 28 0
143529 32 1
143917 40 0
143929 32 0
143929 37 1
144317 28 1
144717 28 0
144729 32 1
145117 37 0
145117 8 0
145129 32 0
145129 8 1
145529 16 1
145929 16 0
145929 20 1
146329 25 1
146329 20 0
146729 16 1
147129 16 0
147129 20 1
147517 25 0
147529 28 1
147529 20 0
147929 16 1
148329 16 0
148329 20 1
148717 28 0
148729 25 1
148729 20 0
149129 16 1
149529 16 0
149529 20 1
149917 25 0
149917 8 0
149929 20 0
149929 15 1
149929 8 1
150329 21 1
150329 15 0
150729 21 0
150729 18 1
151129 24 1
151129 18 0
151529 24 0
151529 21 1
151929 21 0
151929 27 1
152329 27 0
152329 24 1
152729 24 0
152729 30 1
153129 30 0
153129 27 1
153529 27 0
153529 33 1
153929 33 0
153929 30 1
154329 30 0
154329 36 1
154717 8 0
154729 36 0
154729 16 1
154729 8 1
155129 25 1
155129 16 0
155529 25 0
155529 20 1
155929 28 1
155929 20 0
156329 28 0
156329 25 1
156729 25 0
156729 32 1
157129 32 0
157129 28 1
157529 28 0
157529 37 1
157929 37 0
157929 32 1
158329 32 0
158329 40 1
158729 40 0
158729 37 1
159129 37 0
159129 32 1
159517 8 0
159529 32 0
159529 25 1
159529 8 1
159929 25 0
159929 31 1
160329 31 0
160329 28 1
160729 28 0
160729 34 1
161129 34 0
161129 31 1
161529 31 0
161529 37 1
161929 37 0
161929 34 1
162329 34 0
162329 40 1
162729 40 0
162729 37 1
163129 37 0
163129 43 1
163529 43 0
163529 40 1
163929 40 0
163929 46 1
164317 8 0
164329 46 0
164329 30 1
164329 8 1
164729 30 0
164729 36 1
165129 36 0
165129 33 1
165529 33 0
165529 39 1
165929 39 0
165929 36 1
166329 36 0
166329 42 1
166729 42 0
166729 39 1
167129 39 0
167129 45 1
167529 45 0
167529 42 1
167929 42 0
167929 48 1
168329 48 0
168329 45 1
168729 45 0
168729 51 1
169129 51 0
169129 48 1
169529 48 0
169529 42 1
169929 42 0
169929 45 1
170329 45 0
170329 39 1
170729 39 0
170729 42 1
171129 42 0
171129 36 1
171529 36 0
171529 39 1
171929 39 0
171929 33 1
172329 33 0
172329 36 1
172729 36 0
172729 30 1
173129 30 0
173129 33 1
173529 33 0
173529 27 1
173929 27 0
173929 30 1
174329 30 0
174329 24 1
174729 24 0
174729 27 1
175129 27 0
175129 21 1
175529 21 0
175529 24 1
175929 24 0
175929 18 1
176329 21 1
176329 18 0
176755 21 0
176755 15 1
177199 18 1
177625 15 0
177625 18 0
177625 13 1
178051 18 1
178476 21 1
178476 13 0
178476 18 0
178888 8 0
178902 21 0
178902 12 1
178902 8 1
179302 18 1
179702 18 0
179702 20 1
180102 21 1
180102 20 0
180502 21 0
180502 20 1
180902 20 0
180902 18 1
181289 12 0
181302 18 0
181302 15 1
181702 18 1
182102 21 1
182102 18 0
182489 15 0
182502 21 0
182502 13 1
182902 18 1
183302 21 1
183302 18 0
183689 8 0
183689 13 0
183702 21 0
183702 12 1
183702 8 1
184102 18 1
184502 18 0
184502 20 1
184927 21 1
184927 20 0
185372 21 0
185372 20 1
185797 20 0
185797 18 1
186185 12 0
186197 18 0
186197 14 1
186597 18 1
186997 21 1
186997 18 0
187385 14 0
187397 21 0
187397 13 1
187797 18 1
188197 21 1
188197 18 0
188585 8 0
188585 13 0
188597 21 0
188597 8 1
188597 12 1
188997 18 1
189397 18 0
189397 20 1
189797 21 1
189797 20 0
190197 21 0
190197 20 1
190597 20 0
190597 18 1
190985 8 0
190985 12 0
190997 18 0
190997 13 1
190997 9 1
191397 16 1
191797 25 1
191797 16 0
192185 13 0
192197 25 0
192197 13 1
192597 13 0
192597 16 1
192997 25 1
192997 16 0
193385 9 0
193397 25 0
193397 15 1
193397 6 1
193814 21 1
193814 15 0
194230 21 0
194230 25 1
194647 25 0
194647 15 1
195078 21 1
195092 15 0
195522 21 0
195536 25 1
195967 6 0
195980 25 0
195980 15 1
195980 8 1
196480 15 0
196480 20 1
196980 24 1
196980 20 0
197480 24 0
197480 15 1
198007 15 0
198007 18 1
198533 24 1
198533 18 0
199043 8 0
199059 24 0
199059 16 1
199059 13 1
199059 8 1
199059 1 1
199504 16 0
199504 20 1
199948 25 1
199948 20 0
200393 25 0
200393 20 1
200837 25 1
200837 20 0
201282 25 0
201282 28 1
201716 28 0
201716 20 1
202142 25 1
202142 20 0
202559 25 0
202559 28 1
202967 28 0
202967 32 1
202967 20 1
203367 25 1
203367 20 0
203767 25 0
203767 28 1
203854 32 1
203867 32 0
203867 32 0
204154 13 0
204154 8 0
204154 1 0
204167 28 0
204167 32 1
204167 20 1
204167 0 1
204167 12 1
204167 8 1
204567 27 1
204567 20 0
204967 27 0
204967 30 1
205367 30 0
205367 20 1
205767 27 1
205767 20 0
206167 27 0
206167 30 1
206567 30 0
206567 20 1
206967 27 1
206967 20 0
207367 27 0
207367 30 1
207754 32 0
207767 30 0
207767 32 1
207767 20 1
208167 27 1
208167 20 0
208567 27 0
208567 30 1
208667 32 0
208667 32 1
208954 0 0
208954 12 0
208954 8 0
208967 30 0
208967 32 0
208967 32 1
208967 20 1
208967 1 1
208967 13 1
209367 25 1
209367 20 0
209767 25 0
209767 28 1
210167 28 0
210167 20 1
210567 25 1
210567 20 0
210967 25 0
210967 28 1
211354 32 0
211354 1 0
211354 13 0
211367 28 0
211367 21 1
211367 33 1
211367 6 1
211767 21 0
211767 25 1
212167 25 0
212167 30 1
212567 30 0
212567 21 1
212967 21 0
212967 25 1
213367 25 0
213367 30 1
213754 33 0
213754 6 0
213767 30 0
213767 32 1
213767 20 1
213767 11 1
214167 23 1
214167 20 0
214567 23 0
214567 28 1
214967 28 0
214967 20 1
215367 23 1
215367 20 0
215767 23 0
215767 28 1
216154 32 0
216154 11 0
216167 28 0
216167 21 1
216167 30 1
216167 11 1
216567 21 0
216567 23 1
216967 23 0
216967 27 1
217279 21 1
217354 30 0
217367 27 0
217367 35 1
217767 21 0
217767 23 1
218167 23 0
218167 27 1
218554 35 0
218554 11 0
218567 27 0
218567 28 1
218567 20 1
218567 4 1
218567 16 1
218967 23 1
218967 20 0
219367 28 0
219367 23 0
219367 28 1
219767 28 0
219767 23 1
220167 23 0
220167 28 1
220567 28 0
220567 32 1
220967 32 0
220967 23 1
221367 23 0
221367 28 1
221767 28 0
221767 32 1
222167 32 0
222167 23 1
222167 35 1
222567 23 0
222567 28 1
222967 28 0
222967 32 1
223067 35 0
223067 35 1
223354 4 0
223354 16 0
223367 32 0
223367 35 0
223367 23 1
223367 35 1
223367 15 1
223367 3 1
223767 23 0
223767 30 1
224167 30 0
224167 33 1
224567 33 0
224567 23 1
224967 23 0
224967 30 1
225367 30 0
225367 33 1
225767 33 0
225767 23 1
226167 23 0
226167 30 1
226567 30 0
226567 33 1
226954 35 0
226967 33 0
226967 23 1
226967 35 1
227367 23 0
227367 30 1
227767 30 0
227767 33 1
227867 35 0
227867 35 1
228154 15 0
228154 3 0
228167 33 0
228167 35 0
228167 23 1
228167 35 1
228167 16 1
228167 4 1
228554 28 1
228567 23 0
228954 28 0
228967 32 1
229367 32 0
229367 23 1
229754 28 1
229767 23 0
230154 28 0
230167 32 1
230554 35 0
230554 16 0
230554 4 0
230567 32 0
230567 24 1
230567 36 1
230567 3 1
230567 15 1
230967 24 0
230967 30 1
231367 30 0
231367 32 1
231754 36 0
231754 3 0
231754 15 0
231767 32 0
231767 25 1
231767 37 1
231767 1 1
231767 13 1
232167 28 1
232179 25 0
232567 28 0
232567 32 1
232954 37 0
232954 1 0
232954 13 0
232967 32 0
232967 27 1
232967 39 1
232967 8 1
232967 12 1
232967 0 1
233367 27 0
233367 30 1
233767 30 0
233767 32 1
234167 32 0
234167 27 1
234567 27 0
234567 30 1
234967 30 0
234967 32 1
235354 39 0
235354 8 0
235354 12 0
235354 0 0
235367 32 0
235367 28 1
235367 40 1
235367 1 1
235367 13 1
235367 8 1
235767 28 0
235767 32 1
236167 32 0
236167 37 1
236554 1 0
236554 13 0
236554 8 0
236567 37 0
236567 28 1
236967 28 0
236967 32 1
237367 32 0
237367 37 1
237754 40 0
237767 37 0
237767 26 1
237767 38 1
237767 6 1
238167 26 0
238167 30 1
238567 30 0
238567 33 1
238967 33 0
238967 26 1
239367 26 0
239367 30 1
239767 30 0
239767 33 1
240154 38 0
240154 6 0
240167 33 0
240167 24 1
240167 36 1
240167 8 1
240567 24 0
240567 30 1
240967 30 0
240967 32 1
241367 32 0
241367 24 1
241767 24 0
241767 30 1
242167 30 0
242167 32 1
242554 36 0
242554 8 0
242567 32 0
242567 25 1
242567 37 1
242567 1 1
242567 13 1
242967 25 0
242967 28 1
243367 28 0
243367 32 1
243767 32 0
243767 25 1
244167 25 0
244167 28 1
244567 28 0
244567 32 1
244967 32 0
244967 25 1
245367 25 0
245367 29 1
245767 29 0
245767 32 1
246154 37 0
246167 32 0
246167 25 1
246167 37 1
246567 25 0
246567 29 1
246967 29 0
246967 32 1
247267 25 1
247354 37 0
247367 32 0
247367 38 1
247754 25 0
247767 30 1
248167 30 0
248167 33 1
248554 1 0
248554 13 0
248567 33 0
248567 25 1
248567 6 1
248567 18 1
248967 25 0
248967 30 1
249367 30 0
249367 33 1
249754 6 0
249754 18 0
249767 33 0
249767 25 1
249767 21 1
249767 9 1
250167 25 0
250167 30 1
250567 30 0
250567 33 1
250954 38 0
250954 21 0
250954 9 0
250967 33 0
250967 25 1
250967 36 1
250967 6 1
250967 18 1
251367 25 0
251367 30 1
251767 30 0
251767 33 1
252154 36 0
252154 6 0
252154 18 0
252167 33 0
252167 25 1
252167 37 1
252167 1 1
252167 13 1
252567 25 0
252567 29 1
252967 29 0
252967 32 1
253367 32 0
253367 25 1
253767 25 0
253767 29 1
254167 29 0
254167 32 1
254567 32 0
254567 25 1
254967 25 0
254967 29 1
255367 29 0
255367 32 1
255754 37 0
255767 32 0
255767 25 1
255767 37 1
256167 25 0
256167 29 1
256567 29 0
256567 32 1
256867 25 1
256954 37 0
256967 32 0
256967 38 1
257354 25 0
257367 30 1
257767 30 0
257767 33 1
258154 1 0
258154 13 0
258167 33 0
258167 25 1
258167 18 1
258167 6 1
258567 25 0
258567 30 1
258967 30 0
258967 33 1
259354 18 0
259354 6 0
259367 33 0
259367 25 1
259367 21 1
259367 9 1
259767 25 0
259767 30 1
260167 30 0
260167 33 1
260554 38 0
260554 21 0
260554 9 0
260567 33 0
260567 25 1
260567 36 1
260567 6 1
260567 18 1
260967 25 0
260967 30 1
261367 30 0
261367 33 1
261754 36 0
261754 6 0
261754 18 0
261767 33 0
261767 25 1
261767 37 1
261767 1 1
261767 13 1
262167 25 0
262167 29 1
262567 29 0
262567 32 1
262967 32 0
262967 25 1
263367 25 0
263367 29 1
263767 29 0
263767 32 1
264154 37 0
264154 1 0
264154 13 0
264167 32 0
264167 25 1
264167 37 1
264167 6 1
264567 25 0
264567 30 1
264967 30 0
264967 33 1
265367 33 0
265367 25 1
265767 25 0
265767 30 1
266167 30 0
266167 33 1
266554 37 0
266554 6 0
266567 33 0
266567 23 1
266567 35 1
266567 3 1
266567 15 1
266967 23 0
266967 30 1
267367 30 0
267367 33 1
267767 33 0
267767 23 1
268167 23 0
268167 30 1
268567 30 0
268567 33 1
268967 33 0
268967 23 1
269367 23 0
269367 30 1
269767 30 0
269767 33 1
270154 35 0
270154 3 0
270154 15 0
270167 33 0
270167 23 1
270167 35 1
270167 4 1
270167 16 1
270567 23 0
270567 28 1
270967 28 0
270967 32 1
271354 35 0
271354 4 0
271354 16 0
271367 32 0
271367 21 1
271367 33 1
271367 1 1
271367 13 1
271767 21 0
271767 28 1
272167 28 0
272167 32 1
272554 33 0
272554 1 0
272554 13 0
272567 32 0
272567 21 1
272567 33 1
272567 15 1
272567 3 1
272967 21 0
272967 27 1
273367 27 0
273367 30 1
273754 33 0
273754 15 0
273754 3 0
273767 30 0
273767 32 1
273767 20 1
273767 0 1
273767 12 1
274167 27 1
274167 20 0
274567 27 0
274567 30 1
274954 32 0
274954 0 0
274954 12 0
274967 30 0
274967 32 1
274967 20 1
274967 13 1
274967 1 1
275367 25 1
275367 20 0
275767 25 0
275767 28 1
276154 32 0
276154 13 0
276154 1 0
276167 28 0
276167 30 1
276167 18 1
276167 9 1
276567 25 1
276567 18 0
276967 25 0
276967 27 1
277367 27 0
277367 18 1
277767 25 1
277767 18 0
278167 25 0
278167 27 1
278554 30 0
278554 9 0
278567 27 0
278567 32 1
278567 20 1
278567 8 1
278992 25 1
278992 20 0
279437 25 0
279437 27 1
279849 32 0
279849 8 0
279862 27 0
279862 21 1
279862 33 1
279862 6 1
280262 21 0
280262 25 1
280662 25 0
280662 27 1
281050 33 0
281050 6 0
281062 27 0
281062 32 1
281062 20 1
281062 8 1
281462 25 1
281462 20 0
281862 25 0
281862 28 1
282262 28 0
282262 20 1
282662 25 1
282662 20 0
283062 25 0
283062 28 1
283450 32 0
283450 8 0
283462 28 0
283462 32 1
283462 18 1
283462 8 1
283862 24 1
283862 18 0
284262 24 0
284262 27 1
284650 32 0
284662 27 0
284662 18 1
285088 24 1
285088 18 0
285532 24 0
285532 27 1
285994 8 0
286008 27 0
286008 25 1
286008 16 1
286008 8 1
286008 1 1
286434 16 0
286434 20 1
286859 25 1
286859 20 0
287272 25 0
287272 25 0
287285 20 1
287711 25 1
287711 20 0
288136 25 0
288136 28 1
288562 28 0
288562 20 1
288987 25 1
288987 20 0
289413 25 0
289413 28 1
289825 8 0
289838 28 0
289838 20 1
289838 8 1
290264 25 1
290264 20 0
290689 25 0
290689 28 1
290796 8 0
290796 8 1
291102 1 0
291115 28 0
291115 8 0
291115 20 1
291115 8 1
291115 0 1
291540 27 1
291540 20 0
291966 27 0
291966 30 1
292391 30 0
292391 20 1
292817 27 1
292817 20 0
293242 27 0
293242 30 1
293668 30 0
293668 20 1
294094 27 1
294094 20 0
294519 27 0
294519 30 1
294931 8 0
294945 30 0
294945 20 1
294945 8 1
295370 27 1
295370 20 0
295796 27 0
295796 30 1
295902 8 0
295902 8 1
296208 0 0
296221 30 0
296221 8 0
296221 20 1
296221 8 1
296221 1 1
296621 28 1
296621 20 0
297021 28 0
297021 25 1
297421 25 0
297421 32 1
297821 32 0
297821 28 1
298221 28 0
298221 37 1
298621 37 0
298621 32 1
299021 32 0
299021 40 1
299421 40 0
299421 37 1
299809 8 0
299821 37 0
299821 44 1
299821 8 1
300221 44 0
300221 40 1
300621 40 0
300621 37 1
300721 8 0
300721 8 1
301009 1 0
301021 37 0
301021 36 1
301021 8 0
301021 8 1
301421 36 0
301421 39 1
301821 39 0
301821 33 1
302221 33 0
302221 36 1
302621 36 0
302621 30 1
303021 30 0
303021 33 1
303421 33 0
303421 27 1
303821 27 0
303821 30 1
304221 30 0
304221 21 1
304609 8 0
304621 21 0
304621 24 1
304621 8 1
305066 24 0
305066 20 1
305566 20 0
305566 18 1
305708 8 0
305708 8 1
306137 25 1
306137 18 0
306137 8 0
306137 16 1
306137 1 1
306137 8 1
306537 25 0
306537 28 1
306537 16 0
306937 28 0
306937 25 1
307337 25 0
307337 32 1
307737 32 0
307737 28 1
308137 28 0
308137 37 1
308537 37 0
308537 32 1
308937 32 0
308937 40 1
309337 40 0
309337 37 1
309725 1 0
309725 8 0
309737 37 0
309737 44 1
309737 8 1
310137 44 0
310137 40 1
310537 40 0
310537 37 1
310637 8 0
310637 8 1
310937 37 0
310937 36 1
310937 8 0
310937 8 1
311337 36 0
311337 39 1
311737 39 0
311737 33 1
312137 33 0
312137 36 1
312537 36 0
312537 30 1
312937 30 0
312937 33 1
313337 33 0
313337 27 1
313737 27 0
313737 30 1
314137 30 0
314137 21 1
314525 8 0
314537 21 0
314537 24 1
314537 8 1
314982 24 0
314982 20 1
315482 20 0
315482 18 1
315624 8 0
315624 8 1
316053 25 1
316053 18 0
316053 8 0
316053 16 1
316053 8 1
316053 1 1
316497 16 0
316497 20 1
316942 25 1
316942 20 0
317372 25 0
317372 25 0
317386 28 1
317831 28 0
317831 25 1
318275 25 0
318275 20 1
318706 8 0
318720 20 0
318720 13 1
319196 16 1
319672 16 0
319672 20 1
320148 25 1
320148 20 0
320624 25 0
320624 20 1
321101 20 0
321101 16 1
321562 13 0
321577 16 0
321577 8 1
322077 13 1
322577 13 0
322577 16 1
323061 8 0
323077 16 0
323077 20 1
323577 20 0
323577 16 1
324077 16 0
324077 13 1
324577 13 0
324577 8 1
325077 8 0
325077 13 1
325577 13 0
325577 8 1
326077 8 0
326077 4 1
326648 4 0
326648 8 1
327273 8 0
327273 4 1
327919 1 0
327940 4 0
327940 1 1
332715 1 0
332740 25 1
332740 1 1
332740 8 1
332740 13 1
332740 16 1
332740 20 1
337515 25 0
337515 1 0
337515 8 0
337515 13 0
337515 16 0
337515 20 0
337540 25 1
337540 1 1
337540 13 1
337540 8 1
337540 16 1
337540 20 1
347115 25 0
347115 1 0
347115 13 0
347115 8 0
347115 16 0
347115 20 0
