1363 45 1
1636 45 0
1636 48 1
1909 48 0
1909 45 1
2181 45 0
2181 50 1
2999 50 0
2999 53 1
3818 53 0
3818 52 1
4909 52 0
5727 45 1
5999 45 0
5999 48 1
6272 48 0
6272 45 1
6545 45 0
6545 53 1
7363 53 0
7363 52 1
8181 52 0
8181 48 1
9272 48 0
10090 45 1
10090 33 1
10363 45 0
10363 33 0
10363 48 1
10363 36 1
10636 48 0
10636 36 0
10636 45 1
10636 33 1
10909 45 0
10909 33 0
10909 50 1
10909 38 1
11727 50 0
11727 38 0
11727 53 1
11727 41 1
12545 53 0
12545 41 0
12545 52 1
12545 40 1
13090 52 0
13636 40 0
14454 45 1
14454 33 1
14727 45 0
14727 33 0
14727 48 1
14727 36 1
14999 48 0
14999 36 0
14999 45 1
14999 33 1
15272 45 0
15272 33 0
15272 53 1
15272 41 1
16090 53 0
16090 41 0
16090 52 1
16090 40 1
16909 52 0
16909 40 0
16909 36 1
16909 48 1
17454 36 0
17999 48 0
18818 45 1
18818 33 1
19090 45 0
19090 33 0
19090 48 1
19090 36 1
19363 48 0
19363 36 0
19363 45 1
19363 33 1
19636 45 0
19636 33 0
19636 50 1
19636 38 1
20181 50 0
20181 38 0
20181 45 1
20454 45 0
20454 45 1
20727 45 0
20727 45 1
20999 45 0
20999 45 1
21272 45 0
21272 46 1
21545 46 0
21545 45 1
22090 45 0
22090 45 1
22363 45 0
22363 43 1
22636 43 0
22636 41 1
23181 41 0
23727 36 1
23999 36 0
23999 45 1
24272 45 0
24272 45 1
24545 45 0
24545 43 1
24818 43 0
24818 41 1
25363 41 0
25363 43 1
25909 43 0
25909 36 1
26181 36 0
26181 45 1
26454 45 0
26454 45 1
26727 45 0
26727 43 1
26999 43 0
26999 41 1
27545 41 0
27545 43 1
28363 43 0
28909 45 1
29181 45 0
29181 45 1
29454 45 0
29454 45 1
29727 45 0
29727 45 1
29999 45 0
29999 46 1
30272 46 0
30272 45 1
30818 45 0
30818 45 1
31090 45 0
31090 43 1
31363 43 0
31363 41 1
31909 41 0
32454 36 1
32727 36 0
32727 45 1
32999 45 0
32999 45 1
33272 45 0
33272 43 1
33545 43 0
33545 41 1
34090 41 0
34090 43 1
34636 43 0
34636 36 1
34909 36 0
34909 45 1
35181 45 0
35181 43 1
35727 43 0
35727 41 1
36272 41 0
36272 43 1
36818 43 0
36818 45 1
37636 45 0
37636 38 1
37909 38 0
37909 38 1
38045 38 0
38045 38 1
38181 38 0
38181 38 1
38454 38 0
38454 38 1
38590 38 0
38590 38 1
38863 38 0
38863 38 1
39136 38 0
39136 38 1
39272 38 0
39272 38 1
39545 38 0
39545 38 1
39681 38 0
39681 38 1
39818 38 0
39818 38 1
40090 38 0
40090 38 1
40909 38 0
40909 45 1
41181 45 0
41181 45 1
41454 45 0
41454 50 1
41727 50 0
41727 50 1
41999 50 0
41999 48 1
42272 48 0
42272 45 1
42818 45 0
42818 45 1
43090 45 0
43090 45 1
43363 45 0
43363 45 1
43636 45 0
43636 50 1
43909 50 0
43909 50 1
44181 50 0
44181 48 1
44454 48 0
44454 45 1
44999 45 0
44999 46 1
45545 46 0
45545 48 1
46363 48 0
46363 38 1
46636 38 0
46636 38 1
46772 38 0
46772 38 1
46909 38 0
46909 38 1
47181 38 0
47181 38 1
47318 38 0
47318 38 1
47590 38 0
47590 38 1
47863 38 0
47863 38 1
47999 38 0
47999 38 1
48272 38 0
48272 38 1
48409 38 0
48409 38 1
48545 38 0
48545 38 1
48818 38 0
48818 38 1
50181 38 0
50181 50 1
50181 38 1
50181 26 1
50999 50 0
50999 38 0
50999 26 0
50999 50 1
50999 38 1
50999 26 1
51272 50 0
51272 38 0
51272 26 0
51272 50 1
51272 38 1
51272 26 1
51818 50 0
51818 38 0
51818 26 0
51818 48 1
51818 36 1
51818 24 1
52363 48 0
52363 36 0
52363 24 0
52363 50 1
52363 38 1
52363 26 1
52909 50 0
52909 38 0
52909 26 0
52909 50 1
52909 38 1
52909 26 1
53181 50 0
53181 38 0
53181 26 0
53181 50 1
53181 38 1
53181 26 1
53454 50 0
53454 38 0
53454 26 0
53454 50 1
53454 38 1
53454 26 1
53999 50 0
53999 38 0
53999 26 0
53999 52 1
53999 40 1
53999 28 1
54545 52 0
54545 40 0
54545 28 0
54545 48 1
54545 36 1
54545 24 1
55090 48 0
55090 36 0
55090 24 0
55090 50 1
55090 38 1
55090 26 1
55363 50 0
55363 38 0
55363 26 0
55363 50 1
55363 38 1
55363 26 1
55636 50 0
55636 38 0
55636 26 0
55636 50 1
55636 38 1
55636 26 1
56181 50 0
56181 38 0
56181 26 0
56181 48 1
56181 36 1
56181 24 1
56727 48 0
56727 36 0
56727 24 0
56727 50 1
56727 38 1
56727 26 1
57272 50 0
57272 38 0
57272 26 0
57272 50 1
57272 38 1
57272 26 1
57545 50 0
57545 38 0
57545 26 0
57545 50 1
57545 38 1
57545 26 1
57818 50 0
57818 38 0
57818 26 0
57818 50 1
57818 38 1
57818 26 1
58363 50 0
58363 38 0
58363 26 0
58363 48 1
58363 36 1
58363 24 1
58909 48 0
58909 36 0
58909 24 0
58909 50 1
58909 38 1
58909 26 1
59454 50 0
59454 38 0
59454 26 0
59454 50 1
59454 38 1
59454 26 1
59727 50 0
59727 38 0
59727 26 0
59727 50 1
59727 38 1
59727 26 1
59999 50 0
59999 38 0
59999 26 0
59999 50 1
59999 38 1
59999 26 1
60545 50 0
60545 38 0
60545 26 0
60545 48 1
60545 36 1
60545 24 1
61090 48 0
61090 36 0
61090 24 0
61090 50 1
61090 38 1
61090 26 1
61636 50 0
61636 38 0
61636 26 0
61636 50 1
61636 38 1
61636 26 1
61909 50 0
61909 38 0
61909 26 0
61909 50 1
61909 38 1
61909 26 1
62181 50 0
62181 38 0
62181 26 0
62181 50 1
62181 38 1
62181 26 1
62727 50 0
62727 38 0
62727 26 0
62727 52 1
62727 40 1
62727 28 1
63272 52 0
63272 40 0
63272 28 0
63272 48 1
63272 36 1
63272 24 1
63818 48 0
63818 36 0
63818 24 0
63818 50 1
63818 38 1
63818 26 1
64090 50 0
64090 38 0
64090 26 0
64090 50 1
64090 38 1
64090 26 1
64363 50 0
64363 38 0
64363 26 0
64363 50 1
64363 38 1
64363 26 1
64909 50 0
64909 38 0
64909 26 0
64909 48 1
64909 36 1
64909 24 1
65454 48 0
65454 36 0
65454 24 0
65454 50 1
65454 38 1
65454 26 1
65999 50 0
65999 38 0
65999 26 0
65999 50 1
65999 38 1
65999 26 1
66272 50 0
66272 38 0
66272 26 0
66272 50 1
66272 38 1
66272 26 1
66545 50 0
66545 38 0
66545 26 0
66545 50 1
66545 38 1
66545 26 1
67090 50 0
67090 38 0
67090 26 0
67090 48 1
67090 36 1
67090 24 1
67636 48 0
67636 36 0
67636 24 0
67636 50 1
67636 38 1
67636 26 1
68181 50 0
68181 38 0
68181 26 0
68181 50 1
68454 50 0
68454 50 1
68727 50 0
68727 50 1
68999 50 0
68999 50 1
69272 50 0
69272 48 1
69545 48 0
69545 50 1
70090 50 0
70090 48 1
70363 48 0
70363 48 1
70636 48 0
70636 48 1
71999 48 0
71999 50 1
72272 50 0
72272 48 1
72545 48 0
72545 48 1
72818 48 0
72818 48 1
73363 48 0
73363 45 1
73909 45 0
73909 45 1
74181 45 0
74181 46 1
74454 46 0
74454 45 1
74999 45 0
74999 43 1
75545 43 0
75545 45 1
76090 45 0
76090 45 1
76636 45 0
76636 41 1
76909 41 0
76909 45 1
77181 45 0
77181 45 1
77454 45 0
77454 45 1
77727 45 0
77727 45 1
77999 45 0
77999 46 1
78272 46 0
78272 45 1
78818 45 0
78818 45 1
79090 45 0
79090 43 1
79363 43 0
79363 41 1
79909 41 0
80454 36 1
80727 36 0
80727 45 1
80999 45 0
80999 45 1
81272 45 0
81272 43 1
81545 43 0
81545 41 1
82909 41 0
82909 45 1
83181 45 0
83181 43 1
83727 43 0
83727 41 1
84272 41 0
84272 43 1
84818 43 0
84818 45 1
85636 45 0
85636 38 1
85909 38 0
85909 38 1
86045 38 0
86045 38 1
86181 38 0
86181 38 1
86454 38 0
86454 38 1
86590 38 0
86590 38 1
86863 38 0
86863 38 1
87136 38 0
87136 38 1
87272 38 0
87272 38 1
87545 38 0
87545 38 1
87681 38 0
87681 38 1
87818 38 0
87818 38 1
88090 38 0
88090 38 1
88909 38 0
88909 45 1
89181 45 0
89181 45 1
89454 45 0
89454 50 1
89727 50 0
89727 50 1
89999 50 0
89999 48 1
90272 48 0
90272 45 1
90818 45 0
90818 45 1
91090 45 0
91090 45 1
91363 45 0
91363 45 1
91636 45 0
91636 50 1
91908 50 0
91908 50 1
92181 50 0
92181 48 1
92454 48 0
92454 45 1
92999 45 0
92999 46 1
93545 46 0
93545 48 1
94363 48 0
94363 38 1
94636 38 0
94636 38 1
94772 38 0
94772 38 1
94908 38 0
94908 38 1
95181 38 0
95181 38 1
95318 38 0
95318 38 1
95590 38 0
95590 38 1
95863 38 0
95863 38 1
95999 38 0
95999 38 1
96272 38 0
96272 38 1
96408 38 0
96408 38 1
96545 38 0
96545 38 1
96818 38 0
96818 38 1
97363 38 0
97363 45 1
97636 45 0
97636 45 1
97908 45 0
97908 45 1
98181 45 0
98181 50 1
98454 50 0
98454 50 1
98727 50 0
98727 48 1
98999 48 0
98999 45 1
99545 45 0
99545 45 1
99818 45 0
99818 45 1
100090 45 0
100090 45 1
100363 45 0
100363 53 1
100363 41 1
100363 29 1
100772 53 0
100772 41 0
100772 29 0
100772 52 1
100772 40 1
100772 28 1
101181 52 0
101181 40 0
101181 28 0
101181 53 1
101181 41 1
101181 29 1
101999 53 0
101999 41 0
101999 29 0
101999 52 1
101999 40 1
101999 28 1
102545 52 0
102545 40 0
102545 28 0
102545 50 1
102545 38 1
102545 26 1
103363 50 0
103363 38 0
103363 26 0
103363 50 1
103363 38 1
103363 26 1
103636 50 0
103636 38 0
103636 26 0
103636 50 1
103636 38 1
103636 26 1
104181 50 0
104181 38 0
104181 26 0
104181 48 1
104181 36 1
104181 24 1
104727 48 0
104727 36 0
104727 24 0
104727 50 1
104727 38 1
104727 26 1
105272 50 0
105272 38 0
105272 26 0
105272 50 1
105272 38 1
105272 26 1
105545 50 0
105545 38 0
105545 26 0
105545 50 1
105545 38 1
105545 26 1
105818 50 0
105818 38 0
105818 26 0
105818 50 1
105818 38 1
105818 26 1
106363 50 0
106363 38 0
106363 26 0
106363 52 1
106363 40 1
106363 28 1
106908 52 0
106908 40 0
106908 28 0
106908 48 1
106908 36 1
106908 24 1
107454 48 0
107454 36 0
107454 24 0
107454 50 1
107454 38 1
107454 26 1
107727 50 0
107727 38 0
107727 26 0
107727 50 1
107727 38 1
107727 26 1
107999 50 0
107999 38 0
107999 26 0
107999 50 1
107999 38 1
107999 26 1
108545 50 0
108545 38 0
108545 26 0
108545 48 1
108545 36 1
108545 24 1
109090 48 0
109090 36 0
109090 24 0
109090 50 1
109090 38 1
109090 26 1
109636 50 0
109636 38 0
109636 26 0
109636 50 1
109636 38 1
109636 26 1
109908 50 0
109908 38 0
109908 26 0
109908 50 1
109908 38 1
109908 26 1
110181 50 0
110181 38 0
110181 26 0
110181 50 1
110181 38 1
110181 26 1
110727 50 0
110727 38 0
110727 26 0
110727 48 1
110727 36 1
110727 24 1
111272 48 0
111272 36 0
111272 24 0
111272 50 1
111272 38 1
111272 26 1
111818 50 0
111818 38 0
111818 26 0
111818 50 1
111818 38 1
111818 26 1
112090 50 0
112090 38 0
112090 26 0
112090 50 1
112090 38 1
112090 26 1
112363 50 0
112363 38 0
112363 26 0
112363 50 1
112363 38 1
112363 26 1
112908 50 0
112908 38 0
112908 26 0
112908 48 1
112908 36 1
112908 24 1
113454 48 0
113454 36 0
113454 24 0
113454 50 1
113454 38 1
113454 26 1
113999 50 0
113999 38 0
113999 26 0
113999 50 1
113999 38 1
113999 26 1
114272 50 0
114272 38 0
114272 26 0
114272 50 1
114272 38 1
114272 26 1
114545 50 0
114545 38 0
114545 26 0
114545 50 1
114545 38 1
114545 26 1
115090 50 0
115090 38 0
115090 26 0
115090 52 1
115090 40 1
115090 28 1
115636 52 0
115636 40 0
115636 28 0
115636 48 1
115636 36 1
115636 24 1
116181 48 0
116181 36 0
116181 24 0
116181 50 1
116181 38 1
116181 26 1
116454 50 0
116454 38 0
116454 26 0
116454 50 1
116454 38 1
116454 26 1
116727 50 0
116727 38 0
116727 26 0
116727 50 1
116727 38 1
116727 26 1
117272 50 0
117272 38 0
117272 26 0
117272 48 1
117272 36 1
117272 24 1
117818 48 0
117818 36 0
117818 24 0
117818 50 1
117818 38 1
117818 26 1
118363 50 0
118363 38 0
118363 26 0
118363 50 1
118363 38 1
118363 26 1
118636 50 0
118636 38 0
118636 26 0
118636 50 1
118636 38 1
118636 26 1
118908 50 0
118908 38 0
118908 26 0
118908 50 1
118908 38 1
118908 26 1
119454 50 0
119454 38 0
119454 26 0
119454 48 1
119454 36 1
119454 24 1
119999 48 0
119999 36 0
119999 24 0
119999 50 1
119999 38 1
119999 26 1
121363 50 0
121363 38 0
121363 26 0
121363 50 1
121363 38 1
121363 26 1
121636 50 0
121636 38 0
121636 26 0
121636 53 1
121636 41 1
121636 29 1
121908 53 0
121908 41 0
121908 29 0
121908 52 1
121908 40 1
121908 28 1
123545 52 0
123545 40 0
123545 28 0
123545 50 1
123545 38 1
123545 26 1
123818 50 0
123818 38 0
123818 26 0
123818 52 1
123818 40 1
123818 28 1
124363 52 0
124363 40 0
124363 28 0
124363 53 1
124363 41 1
124363 29 1
125454 53 0
125454 41 0
125454 29 0
125454 52 1
125454 40 1
125454 28 1
126545 52 0
126545 40 0
126545 28 0
126545 53 1
126545 41 1
126545 29 1
127636 53 0
127636 41 0
127636 29 0
127636 52 1
127636 40 1
127636 28 1
128727 52 0
128727 40 0
128727 28 0
128727 50 1
128727 38 1
128727 26 1
130090 50 0
130090 38 0
130090 26 0
130090 50 1
130090 38 1
130090 26 1
130363 50 0
130363 38 0
130363 26 0
130363 53 1
130363 41 1
130363 29 1
130636 53 0
130636 41 0
130636 29 0
130636 52 1
130636 40 1
130636 28 1
132545 52 0
132545 40 0
132545 28 0
132545 52 1
132545 40 1
132545 28 1
132818 52 0
132818 40 0
132818 28 0
132818 50 1
132818 38 1
132818 26 1
133090 50 0
133090 38 0
133090 26 0
133090 52 1
133090 40 1
133090 28 1
133363 52 0
133363 40 0
133363 28 0
133363 52 1
133363 40 1
133363 28 1
133908 52 0
133908 40 0
133908 28 0
133908 52 1
133908 40 1
133908 28 1
134454 52 0
134454 40 0
134454 28 0
134454 50 1
134454 38 1
134454 26 1
134727 50 0
134727 38 0
134727 26 0
134727 52 1
134727 40 1
134727 28 1
134999 52 0
134999 40 0
134999 28 0
134999 50 1
134999 38 1
134999 26 1
135272 50 0
135272 38 0
135272 26 0
135272 52 1
135272 40 1
135272 28 1
135545 52 0
135545 40 0
135545 28 0
135545 52 1
135545 40 1
135545 28 1
136090 52 0
136090 40 0
136090 28 0
136090 52 1
136090 40 1
136090 28 1
136636 52 0
136636 40 0
136636 28 0
136636 52 1
136636 40 1
136636 28 1
136908 52 0
136908 40 0
136908 28 0
136908 53 1
136908 41 1
136908 29 1
137181 53 0
137181 41 0
137181 29 0
137181 52 1
137181 40 1
137181 28 1
137999 52 0
137999 40 0
137999 28 0
137999 50 1
137999 38 1
137999 26 1
138818 50 0
138818 38 0
138818 26 0
138818 48 1
138818 36 1
138818 24 1
139636 48 0
139636 36 0
139636 24 0
139636 50 1
139636 38 1
139636 26 1
140454 50 0
140454 38 0
140454 26 0
140454 50 1
140454 38 1
140454 26 1
140727 50 0
140727 38 0
140727 26 0
140727 50 1
140727 38 1
140727 26 1
141272 50 0
141272 38 0
141272 26 0
141272 48 1
141272 36 1
141272 24 1
141818 48 0
141818 36 0
141818 24 0
141818 50 1
141818 38 1
141818 26 1
142363 50 0
142363 38 0
142363 26 0
142363 50 1
142363 38 1
142363 26 1
142636 50 0
142636 38 0
142636 26 0
142636 50 1
142636 38 1
142636 26 1
142908 50 0
142908 38 0
142908 26 0
142908 50 1
142908 38 1
142908 26 1
143454 50 0
143454 38 0
143454 26 0
143454 52 1
143454 40 1
143454 28 1
143999 52 0
143999 40 0
143999 28 0
143999 48 1
143999 36 1
143999 24 1
144545 48 0
144545 36 0
144545 24 0
144545 50 1
144545 38 1
144545 26 1
144818 50 0
144818 38 0
144818 26 0
144818 50 1
144818 38 1
144818 26 1
145090 50 0
145090 38 0
145090 26 0
145090 50 1
145090 38 1
145090 26 1
145636 50 0
145636 38 0
145636 26 0
145636 48 1
145636 36 1
145636 24 1
146181 48 0
146181 36 0
146181 24 0
146181 50 1
146181 38 1
146181 26 1
146727 50 0
146727 38 0
146727 26 0
146727 50 1
146727 38 1
146727 26 1
146999 50 0
146999 38 0
146999 26 0
146999 50 1
146999 38 1
146999 26 1
147272 50 0
147272 38 0
147272 26 0
147272 50 1
147272 38 1
147272 26 1
147818 50 0
147818 38 0
147818 26 0
147818 48 1
147818 36 1
147818 24 1
148363 48 0
148363 36 0
148363 24 0
148363 50 1
148363 38 1
148363 26 1
148908 50 0
148908 38 0
148908 26 0
148908 50 1
148908 38 1
148908 26 1
149181 50 0
149181 38 0
149181 26 0
149181 50 1
149181 38 1
149181 26 1
149454 50 0
149454 38 0
149454 26 0
149454 50 1
149454 38 1
149454 26 1
149999 50 0
149999 38 0
149999 26 0
149999 48 1
149999 36 1
149999 24 1
150545 48 0
150545 36 0
150545 24 0
150545 50 1
150545 38 1
150545 26 1
151090 50 0
151090 38 0
151090 26 0
151090 50 1
151090 38 1
151090 26 1
151363 50 0
151363 38 0
151363 26 0
151363 50 1
151363 38 1
151363 26 1
151636 50 0
151636 38 0
151636 26 0
151636 50 1
151636 38 1
151636 26 1
152181 50 0
152181 38 0
152181 26 0
152181 52 1
152181 40 1
152181 28 1
152727 52 0
152727 40 0
152727 28 0
152727 48 1
152727 36 1
152727 24 1
153272 48 0
153272 36 0
153272 24 0
153272 50 1
153272 38 1
153272 26 1
153545 50 0
153545 38 0
153545 26 0
153545 50 1
153545 38 1
153545 26 1
153818 50 0
153818 38 0
153818 26 0
153818 50 1
153818 38 1
153818 26 1
154363 50 0
154363 38 0
154363 26 0
154363 48 1
154363 36 1
154363 24 1
154908 48 0
154908 36 0
154908 24 0
154908 50 1
154908 38 1
154908 26 1
155454 50 0
155454 38 0
155454 26 0
155454 50 1
155454 38 1
155454 26 1
155727 50 0
155727 38 0
155727 26 0
155727 50 1
155727 38 1
155727 26 1
155999 50 0
155999 38 0
155999 26 0
155999 50 1
155999 38 1
155999 26 1
156545 50 0
156545 38 0
156545 26 0
156545 48 1
156545 36 1
156545 24 1
157090 48 0
157090 36 0
157090 24 0
157090 50 1
157090 38 1
157090 26 1
157908 50 0
157908 38 0
157908 26 0
157908 50 1
157908 38 1
157908 26 1
158181 50 0
158181 38 0
158181 26 0
158181 50 1
158181 38 1
158181 26 1
158727 50 0
158727 38 0
158727 26 0
158727 48 1
158727 36 1
158727 24 1
159272 48 0
159272 36 0
159272 24 0
159272 50 1
159272 38 1
159272 26 1
159818 50 0
159818 38 0
159818 26 0
159818 50 1
159818 38 1
159818 26 1
160090 50 0
160090 38 0
160090 26 0
160090 50 1
160090 38 1
160090 26 1
160363 50 0
160363 38 0
160363 26 0
160363 50 1
160363 38 1
160363 26 1
160908 50 0
160908 38 0
160908 26 0
160908 52 1
160908 40 1
160908 28 1
161454 52 0
161454 40 0
161454 28 0
161454 48 1
161454 36 1
161454 24 1
161999 48 0
161999 36 0
161999 24 0
161999 57 1
161999 45 1
162272 57 0
162272 45 0
162272 57 1
162272 45 1
162545 57 0
162545 45 0
162545 57 1
162545 45 1
162818 57 0
162818 45 0
162818 57 1
162818 45 1
163090 57 0
163090 45 0
163090 58 1
163090 46 1
163363 58 0
163363 46 0
163363 57 1
163363 45 1
163636 57 0
163908 45 0
163908 57 1
163908 45 1
164181 57 0
164181 45 0
164181 55 1
164181 43 1
164454 55 0
164454 43 0
164454 53 1
164454 41 1
165818 53 0
165818 41 0
165818 50 1
165818 38 1
165818 26 1
166636 50 0
166636 38 0
166636 26 0
166636 50 1
166636 38 1
166636 26 1
166908 50 0
166908 38 0
166908 26 0
166908 50 1
166908 38 1
166908 26 1
167454 50 0
167454 38 0
167454 26 0
167454 48 1
167454 36 1
167454 24 1
167999 48 0
167999 36 0
167999 24 0
167999 50 1
167999 38 1
167999 26 1
168545 50 0
168545 38 0
168545 26 0
168545 50 1
168545 38 1
168545 26 1
168818 50 0
168818 38 0
168818 26 0
168818 50 1
168818 38 1
168818 26 1
169090 50 0
169090 38 0
169090 26 0
169090 50 1
169090 38 1
169090 26 1
169636 50 0
169636 38 0
169636 26 0
169636 52 1
169636 40 1
169636 28 1
170181 52 0
170181 40 0
170181 28 0
170181 48 1
170181 36 1
170181 24 1
170727 48 0
170727 36 0
170727 24 0
170727 57 1
170727 45 1
170999 57 0
170999 45 0
170999 57 1
170999 45 1
171272 57 0
171272 45 0
171272 57 1
171272 45 1
171545 57 0
171545 45 0
171545 57 1
171545 45 1
171818 57 0
171818 45 0
171818 58 1
171818 46 1
172090 58 0
172090 46 0
172090 57 1
172090 45 1
172363 57 0
172863 45 0
172863 57 1
172863 45 1
173363 57 0
173363 45 0
173363 55 1
173363 43 1
173863 55 0
173863 43 0
173863 53 1
173863 41 1
175363 53 0
175363 41 0
175363 52 1
175363 40 1
176363 52 0
176363 40 0
176363 50 1
176363 38 1
180363 50 0
180363 38 0
