2181 14 1
2454 14 0
2454 21 1
2727 21 0
2727 26 1
2999 26 0
2999 29 1
3545 29 0
3545 26 1
3818 26 0
3818 21 1
4363 21 0
4363 10 1
4636 10 0
4636 17 1
4909 17 0
4909 22 1
5181 22 0
5181 26 1
5727 26 0
5727 22 1
5999 22 0
5999 17 1
6545 17 0
6545 5 1
6818 5 0
6818 12 1
7090 12 0
7090 17 1
7363 17 0
7363 21 1
7909 21 0
7909 17 1
8181 17 0
8181 12 1
8727 12 0
8727 12 1
8999 12 0
8999 19 1
9272 19 0
9272 24 1
9545 24 0
9545 28 1
10090 28 0
10090 24 1
10363 24 0
10363 19 1
10909 19 0
10909 14 1
10909 2 1
11181 14 0
11181 2 0
11181 21 1
11181 9 1
11454 21 0
11454 9 0
11454 26 1
11454 14 1
11727 26 0
11727 14 0
11727 29 1
11727 17 1
12272 29 0
12272 17 0
12272 26 1
12272 14 1
12545 26 0
12545 14 0
12545 21 1
12545 9 1
13090 21 0
13090 9 0
13090 10 1
13363 10 0
13363 17 1
13363 5 1
13636 17 0
13636 5 0
13636 22 1
13636 10 1
13909 22 0
13909 10 0
13909 26 1
13909 14 1
14454 26 0
14454 14 0
14454 22 1
14454 10 1
14727 22 0
14727 10 0
14727 17 1
14727 5 1
15272 17 0
15272 5 0
15272 17 1
15272 5 1
15545 17 0
15545 5 0
15545 24 1
15545 12 1
15818 24 0
15818 12 0
15818 29 1
15818 17 1
16090 29 0
16090 17 0
16090 33 1
16090 21 1
16636 33 0
16636 21 0
16636 29 1
16636 17 1
16909 29 0
16909 17 0
16909 24 1
16909 12 1
17454 24 0
17454 12 0
17454 12 1
17454 0 1
17727 12 0
17727 0 0
17727 19 1
17727 7 1
17999 19 0
17999 7 0
17999 24 1
17999 12 1
18272 24 0
18272 12 0
18272 28 1
18272 16 1
18818 28 0
18818 16 0
18818 24 1
18818 12 1
19090 24 0
19090 12 0
19090 19 1
19090 7 1
19636 19 0
19636 7 0
19636 14 1
19909 14 0
19909 21 1
20181 21 0
20181 26 1
20454 26 0
20454 29 1
20999 29 0
20999 26 1
21272 26 0
21272 21 1
21818 21 0
21818 10 1
22090 10 0
22090 17 1
22363 17 0
22363 22 1
22636 22 0
22636 26 1
23181 26 0
23181 22 1
23454 22 0
23454 17 1
23999 17 0
23999 5 1
24272 5 0
24272 12 1
24545 12 0
24545 17 1
24818 17 0
24818 21 1
25363 21 0
25363 17 1
25636 17 0
25636 12 1
26181 12 0
26181 12 1
26454 12 0
26454 19 1
26727 19 0
26727 24 1
26999 24 0
26999 28 1
27545 28 0
27545 24 1
27818 24 0
27818 19 1
28363 19 0
28363 14 1
28636 14 0
28636 21 1
28909 21 0
28909 26 1
29181 26 0
29181 29 1
29727 29 0
29727 26 1
29999 26 0
29999 21 1
30545 21 0
30545 10 1
30818 10 0
30818 17 1
31090 17 0
31090 22 1
31363 22 0
31363 26 1
31909 26 0
31909 22 1
32181 22 0
32181 17 1
32727 17 0
32727 5 1
32999 5 0
32999 12 1
33272 12 0
33272 17 1
33545 17 0
33545 21 1
34090 21 0
34090 17 1
34363 17 0
34363 12 1
34909 12 0
34909 12 1
35181 12 0
35181 19 1
35454 19 0
35454 24 1
35727 24 0
35727 28 1
36272 28 0
36272 24 1
36545 24 0
36545 19 1
37090 19 0
37090 10 1
37363 10 0
37363 17 1
37636 17 0
37636 22 1
37909 22 0
37909 26 1
38454 26 0
38454 22 1
38727 22 0
38727 17 1
39272 17 0
39272 12 1
39545 12 0
39545 19 1
39818 19 0
39818 24 1
40090 24 0
40090 28 1
40636 28 0
40636 24 1
40909 24 0
40909 19 1
41454 19 0
41454 14 1
41727 14 0
41727 21 1
41999 21 0
41999 26 1
42272 26 0
42272 29 1
42818 29 0
42818 26 1
43090 26 0
43090 21 1
43636 21 0
43636 5 1
43909 5 0
43909 12 1
44181 12 0
44181 17 1
44454 17 0
44454 21 1
44999 21 0
44999 17 1
45272 17 0
45272 12 1
45818 12 0
45818 10 1
46090 10 0
46090 17 1
46363 17 0
46363 22 1
46636 22 0
46636 26 1
47181 26 0
47181 22 1
47454 22 0
47454 17 1
47999 17 0
47999 12 1
48272 12 0
48272 19 1
48545 19 0
48545 24 1
48818 24 0
48818 28 1
49363 28 0
49363 24 1
49636 24 0
49636 19 1
50181 19 0
50181 14 1
50181 2 1
50454 14 0
50454 2 0
50454 21 1
50454 9 1
50727 21 0
50727 9 0
50727 26 1
50727 14 1
50999 26 0
50999 14 0
50999 29 1
50999 17 1
51545 29 0
51545 17 0
51545 26 1
51545 14 1
51818 26 0
51818 14 0
51818 21 1
51818 9 1
52363 21 0
52363 9 0
52363 10 1
52636 10 0
52636 17 1
52636 5 1
52909 17 0
52909 5 0
52909 22 1
52909 10 1
53181 22 0
53181 10 0
53181 26 1
53181 14 1
53727 26 0
53727 14 0
53727 22 1
53727 10 1
53999 22 0
53999 10 0
53999 17 1
53999 5 1
54545 17 0
54545 5 0
54545 17 1
54545 5 1
54818 17 0
54818 5 0
54818 24 1
54818 12 1
55090 24 0
55090 12 0
55090 29 1
55090 17 1
55363 29 0
55363 17 0
55363 33 1
55363 21 1
55909 33 0
55909 21 0
55909 29 1
55909 17 1
56181 29 0
56181 17 0
56181 24 1
56181 12 1
56727 24 0
56727 12 0
56727 12 1
56727 0 1
56999 12 0
56999 0 0
56999 19 1
56999 7 1
57272 19 0
57272 7 0
57272 24 1
57272 12 1
57545 24 0
57545 12 0
57545 28 1
57545 16 1
58090 28 0
58090 16 0
58090 24 1
58090 12 1
58363 24 0
58363 12 0
58363 19 1
58363 7 1
58909 19 0
58909 7 0
58909 14 1
58909 2 1
59181 14 0
59181 2 0
59181 21 1
59181 9 1
59454 21 0
59454 9 0
59454 26 1
59454 14 1
59727 26 0
59727 14 0
59727 29 1
59727 17 1
60272 29 0
60272 17 0
60272 26 1
60272 14 1
60545 26 0
60545 14 0
60545 21 1
60545 9 1
61090 21 0
61090 9 0
61090 10 1
61363 10 0
61363 17 1
61363 5 1
61636 17 0
61636 5 0
61636 22 1
61636 10 1
61909 22 0
61909 10 0
61909 26 1
61909 14 1
62454 26 0
62454 14 0
62454 22 1
62454 10 1
62727 22 0
62727 10 0
62727 17 1
62727 5 1
63272 17 0
63272 5 0
63272 17 1
63272 5 1
63545 17 0
63545 5 0
63545 24 1
63545 12 1
63818 24 0
63818 12 0
63818 29 1
63818 17 1
64090 29 0
64090 17 0
64090 33 1
64090 21 1
64636 33 0
64636 21 0
64636 29 1
64636 17 1
64909 29 0
64909 17 0
64909 24 1
64909 12 1
65454 24 0
65454 12 0
65454 12 1
65454 0 1
65727 12 0
65727 0 0
65727 19 1
65727 7 1
65999 19 0
65999 7 0
65999 24 1
65999 12 1
66272 24 0
66272 12 0
66272 28 1
66272 16 1
66818 28 0
66818 16 0
66818 24 1
66818 12 1
67090 24 0
67090 12 0
67090 19 1
67090 7 1
67636 19 0
67636 7 0
67636 14 1
67909 14 0
67909 21 1
68181 21 0
68181 26 1
68454 26 0
68454 29 1
68999 29 0
68999 26 1
69272 26 0
69272 21 1
69818 21 0
69818 10 1
70090 10 0
70090 17 1
70363 17 0
70363 22 1
70636 22 0
70636 26 1
71181 26 0
71181 22 1
71454 22 0
71454 17 1
71999 17 0
71999 5 1
72272 5 0
72272 12 1
72545 12 0
72545 17 1
72818 17 0
72818 21 1
73363 21 0
73363 17 1
73636 17 0
73636 12 1
74181 12 0
74181 12 1
74454 12 0
74454 19 1
74727 19 0
74727 24 1
74999 24 0
74999 28 1
75545 28 0
75545 24 1
75818 24 0
75818 19 1
76363 19 0
76363 14 1
76636 14 0
76636 21 1
76909 21 0
76909 26 1
77181 26 0
77181 29 1
77727 29 0
77727 26 1
77999 26 0
77999 21 1
78545 21 0
78545 10 1
78818 10 0
78818 17 1
79090 17 0
79090 22 1
79363 22 0
79363 26 1
79909 26 0
79909 22 1
80181 22 0
80181 17 1
80727 17 0
80727 5 1
80999 5 0
80999 12 1
81272 12 0
81272 17 1
81545 17 0
81545 21 1
82090 21 0
82090 17 1
82363 17 0
82363 12 1
82909 12 0
82909 12 1
83181 12 0
83181 19 1
83454 19 0
83454 24 1
83727 24 0
83727 28 1
84272 28 0
84272 24 1
84545 24 0
84545 19 1
85090 19 0
85090 10 1
85363 10 0
85363 17 1
85636 17 0
85636 22 1
85909 22 0
85909 26 1
86454 26 0
86454 22 1
86727 22 0
86727 17 1
87272 17 0
87272 12 1
87545 12 0
87545 19 1
87818 19 0
87818 24 1
88090 24 0
88090 28 1
88636 28 0
88636 24 1
88909 24 0
88909 19 1
89454 19 0
89454 14 1
89727 14 0
89727 21 1
89999 21 0
89999 26 1
90272 26 0
90272 29 1
90818 29 0
90818 26 1
91090 26 0
91090 21 1
91636 21 0
91636 5 1
91908 5 0
91908 12 1
92181 12 0
92181 17 1
92454 17 0
92454 21 1
92999 21 0
92999 17 1
93272 17 0
93272 12 1
93818 12 0
93818 10 1
94090 10 0
94090 17 1
94363 17 0
94363 22 1
94636 22 0
94636 26 1
95181 26 0
95181 22 1
95454 22 0
95454 17 1
95999 17 0
95999 12 1
96272 12 0
96272 19 1
96545 19 0
96545 24 1
96818 24 0
96818 28 1
97363 28 0
97363 24 1
97636 24 0
97636 19 1
98181 19 0
98181 14 1
98454 14 0
98454 21 1
98727 21 0
98727 26 1
98999 26 0
98999 29 1
99545 29 0
99545 26 1
99818 26 0
99818 21 1
100363 21 0
100363 17 1
100363 5 1
100636 17 0
100636 5 0
100636 24 1
100636 12 1
100908 24 0
100908 12 0
100908 29 1
100908 17 1
101181 29 0
101181 17 0
101181 33 1
101181 21 1
101727 33 0
101727 21 0
101727 29 1
101727 17 1
101999 29 0
101999 17 0
101999 24 1
101999 12 1
102545 24 0
102545 12 0
102545 14 1
102545 2 1
102818 14 0
102818 2 0
102818 21 1
102818 9 1
103090 21 0
103090 9 0
103090 26 1
103090 14 1
103363 26 0
103363 14 0
103363 29 1
103363 17 1
103908 29 0
103908 17 0
103908 26 1
103908 14 1
104181 26 0
104181 14 0
104181 21 1
104181 9 1
104727 21 0
104727 9 0
104727 10 1
104999 10 0
104999 17 1
104999 5 1
105272 17 0
105272 5 0
105272 22 1
105272 10 1
105545 22 0
105545 10 0
105545 26 1
105545 14 1
106090 26 0
106090 14 0
106090 22 1
106090 10 1
106363 22 0
106363 10 0
106363 17 1
106363 5 1
106908 17 0
106908 5 0
106908 17 1
106908 5 1
107181 17 0
107181 5 0
107181 24 1
107181 12 1
107454 24 0
107454 12 0
107454 29 1
107454 17 1
107727 29 0
107727 17 0
107727 33 1
107727 21 1
108272 33 0
108272 21 0
108272 29 1
108272 17 1
108545 29 0
108545 17 0
108545 24 1
108545 12 1
109090 24 0
109090 12 0
109090 12 1
109090 0 1
109363 12 0
109363 0 0
109363 19 1
109363 7 1
109636 19 0
109636 7 0
109636 24 1
109636 12 1
109908 24 0
109908 12 0
109908 28 1
109908 16 1
110454 28 0
110454 16 0
110454 24 1
110454 12 1
110727 24 0
110727 12 0
110727 19 1
110727 7 1
111272 19 0
111272 7 0
111272 14 1
111272 2 1
111545 14 0
111545 2 0
111545 21 1
111545 9 1
111818 21 0
111818 9 0
111818 26 1
111818 14 1
112090 26 0
112090 14 0
112090 29 1
112090 17 1
112636 29 0
112636 17 0
112636 26 1
112636 14 1
112908 26 0
112908 14 0
112908 21 1
112908 9 1
113454 21 0
113454 9 0
113454 10 1
113727 10 0
113727 17 1
113727 5 1
113999 17 0
113999 5 0
113999 22 1
113999 10 1
114272 22 0
114272 10 0
114272 26 1
114272 14 1
114818 26 0
114818 14 0
114818 22 1
114818 10 1
115090 22 0
115090 10 0
115090 17 1
115090 5 1
115636 17 0
115636 5 0
115636 17 1
115636 5 1
115908 17 0
115908 5 0
115908 24 1
115908 12 1
116181 24 0
116181 12 0
116181 29 1
116181 17 1
116454 29 0
116454 17 0
116454 33 1
116454 21 1
116999 33 0
116999 21 0
116999 29 1
116999 17 1
117272 29 0
117272 17 0
117272 24 1
117272 12 1
117818 24 0
117818 12 0
117818 12 1
117818 0 1
118090 12 0
118090 0 0
118090 19 1
118090 7 1
118363 19 0
118363 7 0
118363 24 1
118363 12 1
118636 24 0
118636 12 0
118636 28 1
118636 16 1
119181 28 0
119181 16 0
119181 24 1
119181 12 1
119454 24 0
119454 12 0
119454 19 1
119454 7 1
119999 19 0
119999 7 0
119999 10 1
120272 10 0
120272 17 1
120545 17 0
120545 22 1
120818 22 0
120818 26 1
121363 26 0
121363 22 1
121636 22 0
121636 17 1
122181 17 0
122181 12 1
122454 12 0
122454 19 1
122727 19 0
122727 24 1
122999 24 0
122999 28 1
123545 28 0
123545 24 1
123818 24 0
123818 19 1
124363 19 0
124363 14 1
124636 14 0
124636 21 1
124908 21 0
124908 26 1
125181 26 0
125181 21 1
125454 21 0
125454 16 1
125727 16 0
125727 24 1
125999 24 0
125999 29 1
126272 29 0
126272 24 1
126545 24 0
126545 17 1
126818 17 0
126818 24 1
127090 24 0
127090 29 1
127363 29 0
127363 24 1
127636 24 0
127636 12 1
127908 12 0
127908 19 1
128181 19 0
128181 24 1
128454 24 0
128454 19 1
128727 19 0
128727 10 1
128999 10 0
128999 17 1
129272 17 0
129272 22 1
129545 22 0
129545 26 1
130090 26 0
130090 22 1
130363 22 0
130363 17 1
130908 17 0
130908 12 1
131181 12 0
131181 19 1
131454 19 0
131454 24 1
131727 24 0
131727 28 1
132272 28 0
132272 24 1
132545 24 0
132545 19 1
133090 19 0
133090 9 1
133363 9 0
133363 16 1
133636 16 0
133636 21 1
134454 21 0
134454 16 1
134727 16 0
134727 21 1
134999 21 0
134999 16 1
135272 16 0
135272 9 1
135545 9 0
135545 16 1
135818 16 0
135818 21 1
136636 21 0
136636 16 1
136908 16 0
136908 21 1
137181 21 0
137181 16 1
137454 16 0
137454 9 1
137727 9 0
137727 16 1
137999 16 0
137999 21 1
138818 21 0
138818 16 1
139090 16 0
139090 21 1
139363 21 0
139363 16 1
139636 16 0
139636 14 1
139636 2 1
139908 14 0
139908 2 0
139908 21 1
139908 9 1
140181 21 0
140181 9 0
140181 26 1
140181 14 1
140454 26 0
140454 14 0
140454 29 1
140454 17 1
140999 29 0
140999 17 0
140999 26 1
140999 14 1
141272 26 0
141272 14 0
141272 21 1
141272 9 1
141818 21 0
141818 9 0
141818 10 1
142090 10 0
142090 17 1
142090 5 1
142363 17 0
142363 5 0
142363 22 1
142363 10 1
142636 22 0
142636 10 0
142636 26 1
142636 14 1
143181 26 0
143181 14 0
143181 22 1
143181 10 1
143454 22 0
143454 10 0
143454 17 1
143454 5 1
143999 17 0
143999 5 0
143999 17 1
143999 5 1
144272 17 0
144272 5 0
144272 24 1
144272 12 1
144545 24 0
144545 12 0
144545 29 1
144545 17 1
144818 29 0
144818 17 0
144818 33 1
144818 21 1
145363 33 0
145363 21 0
145363 29 1
145363 17 1
145636 29 0
145636 17 0
145636 24 1
145636 12 1
146181 24 0
146181 12 0
146181 12 1
146181 0 1
146454 12 0
146454 0 0
146454 19 1
146454 7 1
146727 19 0
146727 7 0
146727 24 1
146727 12 1
146999 24 0
146999 12 0
146999 28 1
146999 16 1
147545 28 0
147545 16 0
147545 24 1
147545 12 1
147818 24 0
147818 12 0
147818 19 1
147818 7 1
148363 19 0
148363 7 0
148363 14 1
148363 2 1
148636 14 0
148636 2 0
148636 21 1
148636 9 1
148908 21 0
148908 9 0
148908 26 1
148908 14 1
149181 26 0
149181 14 0
149181 29 1
149181 17 1
149727 29 0
149727 17 0
149727 26 1
149727 14 1
149999 26 0
149999 14 0
149999 21 1
149999 9 1
150545 21 0
150545 9 0
150545 10 1
150818 10 0
150818 17 1
150818 5 1
151090 17 0
151090 5 0
151090 22 1
151090 10 1
151363 22 0
151363 10 0
151363 26 1
151363 14 1
151908 26 0
151908 14 0
151908 22 1
151908 10 1
152181 22 0
152181 10 0
152181 17 1
152181 5 1
152727 17 0
152727 5 0
152727 17 1
152727 5 1
152999 17 0
152999 5 0
152999 24 1
152999 12 1
153272 24 0
153272 12 0
153272 29 1
153272 17 1
153545 29 0
153545 17 0
153545 33 1
153545 21 1
154090 33 0
154090 21 0
154090 29 1
154090 17 1
154363 29 0
154363 17 0
154363 24 1
154363 12 1
154908 24 0
154908 12 0
154908 12 1
154908 0 1
155181 12 0
155181 0 0
155181 19 1
155181 7 1
155454 19 0
155454 7 0
155454 24 1
155454 12 1
155727 24 0
155727 12 0
155727 28 1
155727 16 1
156272 28 0
156272 16 0
156272 24 1
156272 12 1
156545 24 0
156545 12 0
156545 19 1
156545 7 1
157090 19 0
157090 7 0
157090 14 1
157090 2 1
157363 14 0
157363 2 0
157363 21 1
157363 9 1
157636 21 0
157636 9 0
157636 26 1
157636 14 1
157908 26 0
157908 14 0
157908 29 1
157908 17 1
158454 29 0
158454 17 0
158454 26 1
158454 14 1
158727 26 0
158727 14 0
158727 21 1
158727 9 1
159272 21 0
159272 9 0
159272 10 1
159545 10 0
159545 17 1
159545 5 1
159818 17 0
159818 5 0
159818 22 1
159818 10 1
160090 22 0
160090 10 0
160090 26 1
160090 14 1
160636 26 0
160636 14 0
160636 22 1
160636 10 1
160908 22 0
160908 10 0
160908 17 1
160908 5 1
161454 17 0
161454 5 0
161454 17 1
161454 5 1
161727 17 0
161727 5 0
161727 24 1
161727 12 1
161999 24 0
161999 12 0
161999 29 1
161999 17 1
162272 29 0
162272 17 0
162272 33 1
162272 21 1
162818 33 0
162818 21 0
162818 29 1
162818 17 1
163090 29 0
163090 17 0
163090 24 1
163090 12 1
163636 24 0
163636 12 0
163636 12 1
163636 0 1
163908 12 0
163908 0 0
163908 19 1
163908 7 1
164181 19 0
164181 7 0
164181 24 1
164181 12 1
164454 24 0
164454 12 0
164454 28 1
164454 16 1
164999 28 0
164999 16 0
164999 24 1
164999 12 1
165272 24 0
165272 12 0
165272 19 1
165272 7 1
165818 19 0
165818 7 0
165818 14 1
165818 2 1
166090 14 0
166090 2 0
166090 21 1
166090 9 1
166363 21 0
166363 9 0
166363 26 1
166363 14 1
166636 26 0
166636 14 0
166636 29 1
166636 17 1
167181 29 0
167181 17 0
167181 26 1
167181 14 1
167454 26 0
167454 14 0
167454 21 1
167454 9 1
167999 21 0
167999 9 0
167999 10 1
168272 10 0
168272 17 1
168272 5 1
168545 17 0
168545 5 0
168545 22 1
168545 10 1
168818 22 0
168818 10 0
168818 26 1
168818 14 1
169363 26 0
169363 14 0
169363 22 1
169363 10 1
169636 22 0
169636 10 0
169636 17 1
169636 5 1
170181 17 0
170181 5 0
170181 17 1
170181 5 1
170454 17 0
170454 5 0
170454 24 1
170454 12 1
170727 24 0
170727 12 0
170727 29 1
170727 17 1
170999 29 0
170999 17 0
170999 33 1
170999 21 1
171545 33 0
171545 21 0
171545 29 1
171545 17 1
171818 29 0
171818 17 0
171818 24 1
171818 12 1
172363 24 0
172363 12 0
172363 12 1
172363 0 1
172863 12 0
172863 0 0
172863 19 1
172863 7 1
173363 19 0
173363 7 0
173363 24 1
173363 12 1
173863 24 0
173863 12 0
173863 28 1
173863 16 1
174863 28 0
174863 16 0
174863 24 1
174863 12 1
175363 24 0
175363 12 0
175363 19 1
175363 7 1
176363 19 0
176363 7 0
176363 14 1
176363 2 1
180363 14 0
180363 2 0
