14231 46 1
14675 46 0
14675 45 1
15120 45 0
15120 43 1
15564 43 0
15564 38 1
16009 38 0
16009 46 1
16453 46 0
16453 45 1
16898 45 0
16898 43 1
17342 43 0
17342 38 1
17787 38 0
17787 46 1
18231 46 0
18231 45 1
18675 45 0
18675 43 1
19120 43 0
19120 38 1
19564 38 0
19564 48 1
20009 48 0
20009 46 1
20453 46 0
20453 45 1
20898 45 0
20898 46 1
21342 46 0
21342 46 1
21787 46 0
21787 45 1
22231 45 0
22231 43 1
22675 43 0
22675 38 1
23120 38 0
23120 46 1
23564 46 0
23564 45 1
24009 45 0
24009 43 1
24453 43 0
24453 38 1
24898 38 0
24898 46 1
25342 46 0
25342 45 1
25787 45 0
25787 43 1
26231 43 0
26231 38 1
26675 38 0
26675 48 1
27120 48 0
27120 46 1
27564 46 0
27564 45 1
28009 45 0
28009 43 1
28453 43 0
28453 46 1
28898 46 0
28898 45 1
29342 45 0
29342 43 1
29787 43 0
29787 38 1
30231 38 0
30231 46 1
30675 46 0
30675 45 1
31120 45 0
31120 43 1
31564 43 0
31564 38 1
32009 38 0
32009 46 1
32453 46 0
32453 45 1
32898 45 0
32898 43 1
33342 43 0
33342 38 1
33787 38 0
33787 48 1
34231 48 0
34231 46 1
34675 46 0
34675 45 1
35120 45 0
35120 46 1
35564 46 0
35564 46 1
36009 46 0
36009 45 1
36453 45 0
36453 43 1
36898 43 0
36898 38 1
37342 38 0
37342 46 1
37787 46 0
37787 45 1
38231 45 0
38231 43 1
38675 43 0
38675 38 1
39120 38 0
39120 46 1
39564 46 0
39564 45 1
40009 45 0
40009 43 1
40453 43 0
40453 38 1
40898 38 0
40898 48 1
41342 48 0
41342 46 1
41786 46 0
41786 45 1
42231 45 0
42231 46 1
42675 46 0
42675 34 1
42675 26 1
43120 34 0
43120 26 0
43120 31 1
43564 31 0
44009 34 1
44231 34 0
44231 31 1
44453 31 0
44453 34 1
44453 26 1
44675 34 0
44675 26 0
44675 31 1
45120 31 0
45786 34 1
46009 34 0
46009 31 1
46231 31 0
46231 34 1
46231 27 1
46453 34 0
46453 27 0
46453 31 1
46898 31 0
47564 34 1
47786 34 0
47786 31 1
48009 31 0
48009 34 1
48009 26 1
48231 34 0
48231 26 0
48231 31 1
48453 31 0
48453 34 1
48675 34 0
48675 31 1
48898 31 0
48898 34 1
49120 34 0
49120 31 1
49342 31 0
49342 34 1
49564 34 0
49564 31 1
49786 31 0
49786 34 1
49786 26 1
50009 34 0
50009 26 0
50009 33 1
50453 33 0
51120 34 1
51342 34 0
51342 33 1
51564 33 0
51564 34 1
51564 26 1
51786 34 0
51786 26 0
51786 33 1
52231 33 0
52898 34 1
53120 34 0
53120 33 1
53342 33 0
53342 34 1
53342 27 1
53564 34 0
53564 27 0
53564 33 1
54009 33 0
54675 34 1
54898 34 0
54898 33 1
55120 33 0
55120 34 1
55120 26 1
55342 34 0
55342 26 0
55342 33 1
55564 33 0
55564 34 1
55786 34 0
55786 33 1
56009 33 0
56009 34 1
56231 34 0
56231 33 1
56453 33 0
56453 34 1
56675 34 0
56675 33 1
56898 33 0
56898 46 1
56898 34 1
57342 46 0
57342 34 0
57342 43 1
57342 31 1
57786 43 0
57786 31 0
58231 46 1
58231 34 1
58453 46 0
58453 34 0
58453 43 1
58453 31 1
58675 43 0
58675 31 0
58675 46 1
58675 34 1
58898 46 0
58898 34 0
58898 43 1
58898 31 1
59120 43 0
59120 31 0
59120 43 1
59120 31 1
59342 43 0
59342 31 0
60009 46 1
60009 34 1
60231 46 0
60231 34 0
60231 43 1
60231 31 1
60453 43 0
60453 31 0
60453 46 1
60453 34 1
60675 46 0
60675 34 0
60675 43 1
60675 31 1
60898 43 0
60898 31 0
60898 43 1
60898 31 1
61120 43 0
61120 31 0
61786 46 1
61786 34 1
62009 46 0
62009 34 0
62009 43 1
62009 31 1
62231 43 0
62231 31 0
62231 46 1
62231 34 1
62453 46 0
62453 34 0
62453 43 1
62453 31 1
62675 43 0
62675 31 0
62675 46 1
62675 34 1
62898 46 0
62898 34 0
62898 43 1
62898 31 1
63120 43 0
63120 31 0
63120 46 1
63120 34 1
63342 46 0
63342 34 0
63342 43 1
63342 31 1
63564 43 0
63564 31 0
63564 46 1
63564 34 1
63786 46 0
63786 34 0
63786 43 1
63786 31 1
64009 43 0
64009 31 0
64009 46 1
64009 34 1
64231 46 0
64231 34 0
64231 45 1
64231 33 1
64453 45 0
64453 33 0
64453 45 1
64453 33 1
64675 45 0
64675 33 0
65342 46 1
65342 34 1
65564 46 0
65564 34 0
65564 45 1
65564 33 1
65786 45 0
65786 33 0
65786 46 1
65786 34 1
66009 46 0
66009 34 0
66009 45 1
66009 33 1
66231 45 0
66231 33 0
66231 45 1
66231 33 1
66453 45 0
66453 33 0
67120 46 1
67120 34 1
67342 46 0
67342 34 0
67342 45 1
67342 33 1
67564 45 0
67564 33 0
67564 46 1
67564 34 1
67786 46 0
67786 34 0
67786 45 1
67786 33 1
68009 45 0
68009 33 0
68009 45 1
68009 33 1
68231 45 0
68231 33 0
68898 46 1
68898 34 1
69120 46 0
69120 34 0
69120 45 1
69120 33 1
69342 45 0
69342 33 0
69342 46 1
69342 34 1
69564 46 0
69564 34 0
69564 45 1
69564 33 1
69786 45 0
69786 33 0
69786 46 1
69786 34 1
70009 46 0
70009 34 0
70009 45 1
70009 33 1
70231 45 0
70231 33 0
70231 46 1
70231 34 1
70453 46 0
70453 34 0
70453 45 1
70453 33 1
70675 45 0
70675 33 0
70675 46 1
70675 34 1
70898 46 0
70898 34 0
70898 45 1
70898 33 1
71120 45 0
71120 33 0
71120 46 1
71120 43 1
71120 38 1
71120 34 1
71564 46 0
71564 43 0
71564 38 0
71564 34 0
71564 45 1
71564 43 1
71564 38 1
71564 33 1
72009 45 0
72009 43 0
72009 38 0
72009 33 0
72009 43 1
72009 38 1
72009 34 1
72009 31 1
72453 43 0
72453 38 0
72453 34 0
72453 31 0
72453 46 1
72453 34 1
72675 46 0
72675 34 0
72675 46 1
72675 34 1
72898 46 0
72898 34 0
72898 46 1
72898 43 1
72898 38 1
72898 34 1
73120 46 0
73120 43 0
73120 38 0
73120 34 0
73120 43 1
73342 43 0
73342 45 1
73342 38 1
73342 33 1
73564 45 0
73564 38 0
73564 33 0
73564 43 1
73786 43 0
73786 45 1
73786 38 1
73786 33 1
74009 45 0
74009 38 0
74009 33 0
74009 45 1
74009 43 1
74009 38 1
74009 33 1
74231 45 0
74231 43 0
74231 38 0
74231 33 0
74231 43 1
74231 38 1
74231 34 1
74231 31 1
74675 43 0
74675 38 0
74675 34 0
74675 31 0
74675 46 1
74675 34 1
74898 46 0
74898 34 0
74898 46 1
74898 34 1
75120 46 0
75120 34 0
75120 46 1
75120 43 1
75120 39 1
75120 34 1
75342 46 0
75342 43 0
75342 39 0
75342 34 0
75342 45 1
75342 43 1
75342 39 1
75342 33 1
75564 45 0
75564 43 0
75564 39 0
75564 33 0
75564 45 1
75564 43 1
75564 39 1
75564 33 1
75786 45 0
75786 43 0
75786 39 0
75786 33 0
75786 45 1
75786 43 1
75786 39 1
75786 33 1
76009 45 0
76009 43 0
76009 39 0
76009 33 0
76009 43 1
76009 39 1
76009 34 1
76009 31 1
76453 43 0
76453 39 0
76453 34 0
76453 31 0
76453 43 1
76453 31 1
76675 43 0
76675 31 0
76675 43 1
76675 31 1
76898 43 0
76898 31 0
76898 43 1
76898 39 1
76898 31 1
77120 43 0
77120 39 0
77120 31 0
77120 45 1
77120 38 1
77120 33 1
77342 45 0
77342 38 0
77342 33 0
77342 45 1
77342 38 1
77342 33 1
77564 45 0
77564 38 0
77564 33 0
77564 45 1
77564 38 1
77564 33 1
77786 45 0
77786 38 0
77786 33 0
77786 45 1
77786 41 1
77786 38 1
77786 33 1
78009 45 0
78009 41 0
78009 38 0
78009 33 0
78009 46 1
78009 42 1
78009 38 1
78009 34 1
78231 46 0
78231 42 0
78231 38 0
78231 34 0
78231 46 1
78231 42 1
78231 38 1
78231 34 1
78453 46 0
78453 42 0
78453 38 0
78453 34 0
78453 46 1
78453 42 1
78453 38 1
78453 34 1
78675 46 0
78675 42 0
78675 38 0
78675 34 0
78675 46 1
79120 46 0
79120 45 1
79564 45 0
79564 43 1
80009 43 0
80009 38 1
80453 38 0
80453 46 1
80898 46 0
80898 45 1
81342 45 0
81342 43 1
81786 43 0
81786 38 1
82231 38 0
82231 46 1
82675 46 0
82675 45 1
83120 45 0
83120 43 1
83564 43 0
83564 38 1
84009 38 0
84009 48 1
84453 48 0
84453 46 1
84898 46 0
84898 45 1
85342 45 0
85342 46 1
85786 46 0
85786 46 1
86231 46 0
86231 45 1
86675 45 0
86675 43 1
87120 43 0
87120 38 1
87564 38 0
87564 46 1
88009 46 0
88009 45 1
88453 45 0
88453 43 1
88898 43 0
88898 38 1
89342 38 0
89342 46 1
89786 46 0
89786 45 1
90231 45 0
90231 43 1
90675 43 0
90675 38 1
91120 38 0
91120 48 1
91564 48 0
91564 46 1
92009 46 0
92009 45 1
92453 45 0
92453 46 1
92898 46 0
92898 34 1
92898 26 1
93342 34 0
93342 26 0
93342 31 1
93786 31 0
94231 34 1
94453 34 0
94453 31 1
94675 31 0
94675 34 1
94675 26 1
94898 34 0
94898 26 0
94898 31 1
95342 31 0
96009 34 1
96231 34 0
96231 31 1
96453 31 0
96453 34 1
96453 27 1
96675 34 0
96675 27 0
96675 31 1
97120 31 0
97786 34 1
98009 34 0
98009 31 1
98231 31 0
98231 34 1
98231 26 1
98453 34 0
98453 26 0
98453 31 1
98675 31 0
98675 34 1
98898 34 0
98898 31 1
99120 31 0
99120 34 1
99342 34 0
99342 31 1
99564 31 0
99564 34 1
99786 34 0
99786 31 1
100009 31 0
100009 34 1
100009 26 1
100231 34 0
100231 26 0
100231 33 1
100675 33 0
101342 34 1
101564 34 0
101564 33 1
101786 33 0
101786 34 1
101786 26 1
102009 34 0
102009 26 0
102009 33 1
102453 33 0
103120 34 1
103342 34 0
103342 33 1
103564 33 0
103564 34 1
103564 27 1
103786 34 0
103786 27 0
103786 33 1
104231 33 0
104898 34 1
105120 34 0
105120 33 1
105342 33 0
105342 34 1
105342 26 1
105564 34 0
105564 26 0
105564 33 1
105786 33 0
105786 34 1
106009 34 0
106009 33 1
106231 33 0
106231 34 1
106453 34 0
106453 33 1
106675 33 0
106675 34 1
106898 34 0
106898 33 1
107120 33 0
107120 46 1
107120 34 1
107564 46 0
107564 34 0
107564 43 1
107564 31 1
108009 43 0
108009 31 0
108453 46 1
108453 34 1
108675 46 0
108675 34 0
108675 43 1
108675 31 1
108898 43 0
108898 31 0
108898 46 1
108898 34 1
109120 46 0
109120 34 0
109120 43 1
109120 31 1
109342 43 0
109342 31 0
109342 43 1
109342 31 1
109564 43 0
109564 31 0
110231 46 1
110231 34 1
110453 46 0
110453 34 0
110453 43 1
110453 31 1
110675 43 0
110675 31 0
110675 46 1
110675 34 1
110898 46 0
110898 34 0
110898 43 1
110898 31 1
111120 43 0
111120 31 0
111120 43 1
111120 31 1
111342 43 0
111342 31 0
112009 46 1
112009 34 1
112231 46 0
112231 34 0
112231 43 1
112231 31 1
112453 43 0
112453 31 0
112453 46 1
112453 34 1
112675 46 0
112675 34 0
112675 43 1
112675 31 1
112898 43 0
112898 31 0
112898 46 1
112898 34 1
113120 46 0
113120 34 0
113120 43 1
113120 31 1
113342 43 0
113342 31 0
113342 46 1
113342 34 1
113564 46 0
113564 34 0
113564 43 1
113564 31 1
113786 43 0
113786 31 0
113786 46 1
113786 34 1
114009 46 0
114009 34 0
114009 43 1
114009 31 1
114231 43 0
114231 31 0
114231 46 1
114231 34 1
114453 46 0
114453 34 0
114453 45 1
114453 33 1
114675 45 0
114675 33 0
114675 45 1
114675 33 1
114898 45 0
114898 33 0
115564 46 1
115564 34 1
115786 46 0
115786 34 0
115786 45 1
115786 33 1
116009 45 0
116009 33 0
116009 46 1
116009 34 1
116231 46 0
116231 34 0
116231 45 1
116231 33 1
116453 45 0
116453 33 0
116453 45 1
116453 33 1
116675 45 0
116675 33 0
117342 46 1
117342 34 1
117564 46 0
117564 34 0
117564 45 1
117564 33 1
117786 45 0
117786 33 0
117786 46 1
117786 34 1
118009 46 0
118009 34 0
118009 45 1
118009 33 1
118231 45 0
118231 33 0
118231 45 1
118231 33 1
118453 45 0
118453 33 0
119120 46 1
119120 34 1
119342 46 0
119342 34 0
119342 45 1
119342 33 1
119564 45 0
119564 33 0
119564 46 1
119564 34 1
119786 46 0
119786 34 0
119786 45 1
119786 33 1
120009 45 0
120009 33 0
120009 46 1
120009 34 1
120231 46 0
120231 34 0
120231 45 1
120231 33 1
120453 45 0
120453 33 0
120453 46 1
120453 34 1
120675 46 0
120675 34 0
120675 45 1
120675 33 1
120898 45 0
120898 33 0
120898 46 1
120898 34 1
121120 46 0
121120 34 0
121120 45 1
121120 33 1
121342 45 0
121342 33 0
121342 46 1
121342 43 1
121342 38 1
121342 34 1
121786 46 0
121786 43 0
121786 38 0
121786 34 0
121786 45 1
121786 43 1
121786 38 1
121786 33 1
122231 45 0
122231 43 0
122231 38 0
122231 33 0
122231 43 1
122231 38 1
122231 34 1
122231 31 1
122675 43 0
122675 38 0
122675 34 0
122675 31 0
122675 46 1
122675 34 1
122898 46 0
122898 34 0
122898 46 1
122898 34 1
123120 46 0
123120 34 0
123120 46 1
123120 43 1
123120 38 1
123120 34 1
123342 46 0
123342 43 0
123342 38 0
123342 34 0
123342 43 1
123564 43 0
123564 45 1
123564 38 1
123564 33 1
123786 45 0
123786 38 0
123786 33 0
123786 43 1
124009 43 0
124009 45 1
124009 38 1
124009 33 1
124231 45 0
124231 38 0
124231 33 0
124231 45 1
124231 43 1
124231 38 1
124231 33 1
124453 45 0
124453 43 0
124453 38 0
124453 33 0
124453 43 1
124453 38 1
124453 34 1
124453 31 1
124898 43 0
124898 38 0
124898 34 0
124898 31 0
124898 46 1
124898 34 1
125120 46 0
125120 34 0
125120 46 1
125120 34 1
125342 46 0
125342 34 0
125342 46 1
125342 43 1
125342 39 1
125342 34 1
125564 46 0
125564 43 0
125564 39 0
125564 34 0
125564 45 1
125564 43 1
125564 39 1
125564 33 1
125786 45 0
125786 43 0
125786 39 0
125786 33 0
125786 45 1
125786 43 1
125786 39 1
125786 33 1
126009 45 0
126009 43 0
126009 39 0
126009 33 0
126009 45 1
126009 43 1
126009 39 1
126009 33 1
126231 45 0
126231 43 0
126231 39 0
126231 33 0
126231 43 1
126231 39 1
126231 34 1
126231 31 1
126675 43 0
126675 39 0
126675 34 0
126675 31 0
126675 43 1
126675 31 1
126898 43 0
126898 31 0
126898 43 1
126898 31 1
127120 43 0
127120 31 0
127120 43 1
127120 39 1
127120 31 1
127342 43 0
127342 39 0
127342 31 0
127342 45 1
127342 38 1
127342 33 1
127564 45 0
127564 38 0
127564 33 0
127564 45 1
127564 38 1
127564 33 1
127786 45 0
127786 38 0
127786 33 0
127786 45 1
127786 38 1
127786 33 1
128009 45 0
128009 38 0
128009 33 0
128009 45 1
128009 41 1
128009 38 1
128009 33 1
128231 45 0
128231 41 0
128231 38 0
128231 33 0
128231 46 1
128231 42 1
128231 38 1
128231 34 1
128453 46 0
128453 42 0
128453 38 0
128453 34 0
128453 46 1
128453 42 1
128453 38 1
128453 34 1
128675 46 0
128675 42 0
128675 38 0
128675 34 0
128675 46 1
128675 42 1
128675 38 1
128675 34 1
128898 46 0
128898 42 0
128898 38 0
128898 34 0
128898 34 1
129342 34 0
129342 33 1
129786 33 0
129786 31 1
130231 31 0
130231 26 1
130675 26 0
130675 34 1
131120 34 0
131120 33 1
131564 33 0
131564 31 1
132009 31 0
132009 26 1
132453 26 0
132453 34 1
132898 34 0
132898 33 1
133342 33 0
133342 31 1
133786 31 0
133786 26 1
134231 26 0
134231 36 1
134675 36 0
134675 34 1
135120 34 0
135120 33 1
135564 33 0
135564 34 1
136009 34 0
136009 34 1
136453 34 0
136453 33 1
136898 33 0
136898 31 1
137342 31 0
137342 26 1
137786 26 0
137786 34 1
138231 34 0
138231 33 1
138675 33 0
138675 31 1
139120 31 0
139120 26 1
139564 26 0
139564 34 1
140009 34 0
140009 33 1
140453 33 0
140453 31 1
140898 31 0
140898 26 1
141342 26 0
141342 36 1
141786 36 0
141786 34 1
142231 34 0
142231 33 1
142675 33 0
142675 34 1
143120 34 0
143120 31 1
146675 31 0
