0 7 1
7111 7 0
7111 19 1
7111 7 1
10675 19 0
10675 7 0
10675 15 1
10675 3 1
12453 15 0
12453 3 0
12453 14 1
12453 2 1
14231 14 0
14231 2 0
14231 19 1
14231 7 1
17787 19 0
17787 7 0
17787 15 1
17787 10 1
17787 3 1
19564 15 0
19564 10 0
19564 3 0
19564 14 1
19564 9 1
19564 2 1
21342 14 0
21342 9 0
21342 2 0
21342 19 1
21342 7 1
24898 19 0
24898 7 0
24898 15 1
24898 10 1
24898 3 1
26675 15 0
26675 10 0
26675 3 0
26675 14 1
26675 9 1
26675 2 1
28453 14 0
28453 9 0
28453 2 0
28453 19 1
28453 10 1
28453 7 1
29342 19 0
29342 10 0
29342 7 0
29342 10 1
30231 10 0
30231 10 1
31120 10 0
31120 10 1
32009 10 0
32009 15 1
32009 10 1
32009 3 1
32898 15 0
32898 10 0
32898 3 0
32898 10 1
33787 10 0
33787 14 1
33787 10 1
33787 2 1
34675 14 0
34675 10 0
34675 2 0
34675 10 1
35564 10 0
35564 19 1
35564 14 1
35564 10 1
35564 7 1
36453 19 0
36453 14 0
36453 10 0
36453 7 0
36453 14 1
36453 10 1
36453 7 1
37342 14 0
37342 10 0
37342 7 0
37342 14 1
37342 10 1
37342 7 1
38231 14 0
38231 10 0
38231 7 0
38231 14 1
38231 10 1
38231 7 1
39120 14 0
39120 10 0
39120 7 0
39120 15 1
39120 10 1
39120 7 1
39120 3 1
40009 15 0
40009 10 0
40009 7 0
40009 3 0
40009 10 1
40009 7 1
40009 3 1
40898 10 0
40898 7 0
40898 3 0
40898 14 1
40898 9 1
40898 6 1
40898 2 1
41786 14 0
41786 9 0
41786 6 0
41786 2 0
41786 14 1
41786 9 1
41786 6 1
41786 2 1
42675 14 0
42675 9 0
42675 6 0
42675 2 0
42675 19 1
42675 14 1
42675 7 1
43564 19 0
43564 14 0
43564 7 0
43564 14 1
43564 7 1
44453 14 0
44453 7 0
44453 14 1
44453 7 1
45342 14 0
45342 7 0
45342 14 1
45342 7 1
46231 14 0
46231 7 0
46231 15 1
46231 10 1
46231 3 1
47120 15 0
47120 10 0
47120 3 0
47120 10 1
47120 3 1
48009 10 0
48009 3 0
48009 14 1
48009 9 1
48009 2 1
48898 14 0
48898 9 0
48898 2 0
48898 9 1
48898 2 1
49786 9 0
49786 2 0
49786 19 1
49786 14 1
49786 7 1
50675 19 0
50675 14 0
50675 7 0
50675 14 1
50675 7 1
51564 14 0
51564 7 0
51564 14 1
51564 7 1
52453 14 0
52453 7 0
52453 14 1
52453 7 1
53342 14 0
53342 7 0
53342 15 1
53342 10 1
53342 3 1
54231 15 0
54231 10 0
54231 3 0
54231 10 1
54231 3 1
55120 10 0
55120 3 0
55120 14 1
55120 9 1
55120 6 1
55120 2 1
55564 14 0
55564 9 0
55564 6 0
55564 2 0
55564 18 1
55564 14 1
55564 9 1
55564 6 1
56009 18 0
56009 14 0
56009 9 0
56009 6 0
56009 21 1
56009 18 1
56009 14 1
56009 9 1
56453 21 0
56453 18 0
56453 14 0
56453 9 0
56453 26 1
56453 21 1
56453 18 1
56453 14 1
56898 26 0
56898 21 0
56898 18 0
56898 14 0
56898 7 1
57786 7 0
57786 22 1
57786 19 1
57786 14 1
58675 22 0
58675 19 0
58675 14 0
58675 7 1
59564 7 0
59564 22 1
59564 19 1
59564 14 1
60453 22 0
60453 19 0
60453 14 0
60453 3 1
61342 3 0
61342 27 1
61342 22 1
61342 19 1
61342 15 1
62231 27 0
62231 22 0
62231 19 0
62231 15 0
62231 2 1
63120 2 0
63120 26 1
63120 21 1
63120 18 1
63120 14 1
64009 26 0
64009 21 0
64009 18 0
64009 14 0
64009 7 1
64898 7 0
64898 22 1
64898 19 1
64898 14 1
65786 22 0
65786 19 0
65786 14 0
65786 7 1
66675 7 0
66675 22 1
66675 19 1
66675 14 1
67564 22 0
67564 19 0
67564 14 0
67564 3 1
68453 3 0
68453 27 1
68453 22 1
68453 19 1
68453 15 1
69342 27 0
69342 22 0
69342 19 0
69342 15 0
69342 2 1
70231 2 0
70231 26 1
70231 21 1
70231 18 1
70231 14 1
71120 26 0
71120 21 0
71120 18 0
71120 14 0
71120 7 1
71342 7 0
71342 7 1
71564 7 0
72009 19 1
72009 14 1
72009 7 1
72231 19 0
72231 14 0
72231 7 0
72231 19 1
72231 14 1
72231 7 1
72453 19 0
72453 14 0
72453 7 0
72898 7 1
73120 7 0
73120 7 1
73342 7 0
73342 7 1
73564 7 0
73564 7 1
73786 7 0
73786 19 1
73786 14 1
73786 7 1
74009 19 0
74009 14 0
74009 7 0
74009 19 1
74009 14 1
74009 7 1
74231 19 0
74231 14 0
74231 7 0
75120 3 1
75342 3 0
75342 3 1
75564 3 0
75564 3 1
75786 3 0
75786 3 1
76009 3 0
76009 15 1
76009 10 1
76009 3 1
76231 15 0
76231 10 0
76231 3 0
76231 15 1
76231 10 1
76231 3 1
76453 15 0
76453 10 0
76453 3 0
76898 2 1
77120 2 0
77120 2 1
77342 2 0
77342 2 1
77564 2 0
77564 2 1
77786 2 0
77786 14 1
77786 9 1
77786 2 1
78009 14 0
78009 9 0
78009 2 0
78009 14 1
78009 9 1
78009 2 1
78231 14 0
78231 9 0
78231 2 0
78675 19 1
78675 10 1
78675 7 1
79564 19 0
79564 10 0
79564 7 0
79564 10 1
80453 10 0
80453 10 1
81342 10 0
81342 10 1
82231 10 0
82231 15 1
82231 10 1
82231 3 1
83120 15 0
83120 10 0
83120 3 0
83120 10 1
84009 10 0
84009 14 1
84009 10 1
84009 2 1
84898 14 0
84898 10 0
84898 2 0
84898 10 1
85786 10 0
85786 19 1
85786 14 1
85786 10 1
85786 7 1
86675 19 0
86675 14 0
86675 10 0
86675 7 0
86675 14 1
86675 10 1
86675 7 1
87564 14 0
87564 10 0
87564 7 0
87564 14 1
87564 10 1
87564 7 1
88453 14 0
88453 10 0
88453 7 0
88453 14 1
88453 10 1
88453 7 1
89342 14 0
89342 10 0
89342 7 0
89342 15 1
89342 10 1
89342 7 1
89342 3 1
90231 15 0
90231 10 0
90231 7 0
90231 3 0
90231 10 1
90231 7 1
90231 3 1
91120 10 0
91120 7 0
91120 3 0
91120 14 1
91120 9 1
91120 6 1
91120 2 1
92009 14 0
92009 9 0
92009 6 0
92009 2 0
92009 14 1
92009 9 1
92009 6 1
92009 2 1
92898 14 0
92898 9 0
92898 6 0
92898 2 0
92898 19 1
92898 14 1
92898 7 1
93786 19 0
93786 14 0
93786 7 0
93786 14 1
93786 7 1
94675 14 0
94675 7 0
94675 14 1
94675 7 1
95564 14 0
95564 7 0
95564 14 1
95564 7 1
96453 14 0
96453 7 0
96453 15 1
96453 10 1
96453 3 1
97342 15 0
97342 10 0
97342 3 0
97342 10 1
97342 3 1
98231 10 0
98231 3 0
98231 14 1
98231 9 1
98231 2 1
99120 14 0
99120 9 0
99120 2 0
99120 9 1
99120 2 1
100009 9 0
100009 2 0
100009 19 1
100009 14 1
100009 7 1
100898 19 0
100898 14 0
100898 7 0
100898 14 1
100898 7 1
101786 14 0
101786 7 0
101786 14 1
101786 7 1
102675 14 0
102675 7 0
102675 14 1
102675 7 1
103564 14 0
103564 7 0
103564 15 1
103564 10 1
103564 3 1
104453 15 0
104453 10 0
104453 3 0
104453 10 1
104453 3 1
105342 10 0
105342 3 0
105342 14 1
105342 9 1
105342 6 1
105342 2 1
105786 14 0
105786 9 0
105786 6 0
105786 2 0
105786 18 1
105786 14 1
105786 9 1
105786 6 1
106231 18 0
106231 14 0
106231 9 0
106231 6 0
106231 21 1
106231 18 1
106231 14 1
106231 9 1
106675 21 0
106675 18 0
106675 14 0
106675 9 0
106675 26 1
106675 21 1
106675 18 1
106675 14 1
107120 26 0
107120 21 0
107120 18 0
107120 14 0
107120 7 1
108009 7 0
108009 22 1
108009 19 1
108009 14 1
108898 22 0
108898 19 0
108898 14 0
108898 7 1
109786 7 0
109786 22 1
109786 19 1
109786 14 1
110675 22 0
110675 19 0
110675 14 0
110675 3 1
111564 3 0
111564 27 1
111564 22 1
111564 19 1
111564 15 1
112453 27 0
112453 22 0
112453 19 0
112453 15 0
112453 2 1
113342 2 0
113342 26 1
113342 21 1
113342 18 1
113342 14 1
114231 26 0
114231 21 0
114231 18 0
114231 14 0
114231 7 1
115120 7 0
115120 22 1
115120 19 1
115120 14 1
116009 22 0
116009 19 0
116009 14 0
116009 7 1
116898 7 0
116898 22 1
116898 19 1
116898 14 1
117786 22 0
117786 19 0
117786 14 0
117786 3 1
118675 3 0
118675 27 1
118675 22 1
118675 19 1
118675 15 1
119564 27 0
119564 22 0
119564 19 0
119564 15 0
119564 2 1
120453 2 0
120453 26 1
120453 21 1
120453 18 1
120453 14 1
121342 26 0
121342 21 0
121342 18 0
121342 14 0
121342 7 1
121564 7 0
121564 7 1
121786 7 0
122231 19 1
122231 14 1
122231 7 1
122453 19 0
122453 14 0
122453 7 0
122453 19 1
122453 14 1
122453 7 1
122675 19 0
122675 14 0
122675 7 0
123120 7 1
123342 7 0
123342 7 1
123564 7 0
123564 7 1
123786 7 0
123786 7 1
124009 7 0
124009 19 1
124009 14 1
124009 7 1
124231 19 0
124231 14 0
124231 7 0
124231 19 1
124231 14 1
124231 7 1
124453 19 0
124453 14 0
124453 7 0
125342 3 1
125564 3 0
125564 3 1
125786 3 0
125786 3 1
126009 3 0
126009 3 1
126231 3 0
126231 15 1
126231 10 1
126231 3 1
126453 15 0
126453 10 0
126453 3 0
126453 15 1
126453 10 1
126453 3 1
126675 15 0
126675 10 0
126675 3 0
127120 2 1
127342 2 0
127342 2 1
127564 2 0
127564 2 1
127786 2 0
127786 2 1
128009 2 0
128009 14 1
128009 9 1
128009 2 1
128231 14 0
128231 9 0
128231 2 0
128231 14 1
128231 9 1
128231 2 1
128453 14 0
128453 9 0
128453 2 0
128898 19 1
128898 7 1
132453 19 0
132453 7 0
132453 15 1
132453 3 1
134231 15 0
134231 3 0
134231 14 1
134231 2 1
136009 14 0
136009 2 0
136009 19 1
136009 7 1
139564 19 0
139564 7 0
139564 15 1
139564 3 1
141342 15 0
141342 3 0
141342 14 1
141342 2 1
143120 14 0
143120 2 0
143120 7 1
146675 7 0
