1714 45 1
1714 33 1
1714 41 1
1839 45 0
1892 33 0
1897 41 0
1995 36 1
1995 33 1
1995 41 1
2044 36 0
2053 33 0
2093 41 0
2138 34 1
2138 43 1
2138 38 1
2142 36 1
2142 33 1
2187 36 0
2214 33 0
2241 34 0
2258 43 0
2258 38 0
2566 41 1
2566 33 1
2566 36 1
2674 41 0
2723 33 0
2723 36 0
2995 36 1
2995 38 1
2995 33 1
2995 29 1
3062 36 0
3116 38 0
3142 33 0
3147 29 0
3281 33 1
3281 36 1
3285 41 1
3374 41 0
3379 33 0
3392 36 0
3428 36 1
3428 33 1
3428 38 1
3428 34 1
3428 45 1
3482 36 0
3491 33 0
3531 38 0
3535 34 0
3571 45 0
3705 33 1
3709 36 1
3709 34 1
3709 41 1
3749 36 0
3758 34 0
3799 33 0
3821 41 0
3852 34 1
3852 36 1
3852 40 1
3857 43 1
3924 34 0
3959 43 0
3973 36 0
3977 40 0
4281 38 1
4281 34 1
4281 41 1
4285 36 1
4352 36 0
4374 38 0
4374 34 0
4392 41 0
4562 40 1
4566 36 1
4571 34 1
4571 43 1
4624 40 0
4624 36 0
4624 34 0
4669 43 0
4709 33 1
4709 36 1
4714 34 1
4714 38 1
4785 34 0
4812 33 0
4821 36 0
4848 38 0
4991 34 1
4991 38 1
4995 36 1
4999 41 1
5053 36 0
5058 34 0
5062 38 0
5089 41 0
5138 33 1
5138 36 1
5142 33 0
5142 45 1
5142 33 1
5142 41 1
5214 36 0
5285 45 0
5321 33 0
5325 41 0
5424 36 1
5424 33 1
5424 41 1
5473 36 0
5482 33 0
5535 41 0
5566 36 1
5566 33 1
5566 43 1
5566 34 1
5566 38 1
5629 36 0
5642 33 0
5660 43 0
5669 34 0
5687 38 0
5995 41 1
5995 33 1
5995 36 1
6089 41 0
6151 33 0
6151 36 0
6424 36 1
6424 33 1
6424 29 1
6428 38 1
6491 36 0
6540 38 0
6571 33 0
6575 29 0
6709 33 1
6709 36 1
6714 41 1
6808 33 0
6821 36 0
6821 41 0
6852 36 1
6852 33 1
6857 38 1
6857 34 1
6857 45 1
6910 36 0
6928 33 0
6959 38 0
6964 34 0
7017 45 0
7133 33 1
7138 34 1
7138 36 1
7138 41 1
7178 34 0
7196 36 0
7227 33 0
7249 41 0
7281 34 1
7281 43 1
7281 36 1
7281 40 1
7352 34 0
7383 43 0
7401 36 0
7406 40 0
7709 38 1
7709 34 1
7714 36 1
7714 41 1
7781 36 0
7803 38 0
7803 34 0
7830 41 0
7991 40 1
7995 36 1
7995 43 1
7999 34 1
8053 40 0
8053 36 0
8053 34 0
8116 43 0
8138 33 1
8138 36 1
8138 38 1
8142 34 1
8214 34 0
8241 33 0
8249 36 0
8312 38 0
8419 34 1
8419 38 1
8419 41 1
8424 36 1
8482 36 0
8486 34 0
8491 38 0
8499 41 0
8566 36 1
8566 33 1
8571 45 1
8642 36 0
8656 33 0
8691 45 0
8852 36 1
8852 33 1
8852 41 1
8897 36 0
8928 33 0
8964 41 0
8995 36 1
8995 33 1
8995 43 1
9062 36 0
9075 33 0
9142 43 0
9428 36 1
9428 33 1
9428 41 1
9495 36 0
9508 33 0
9553 41 0
9852 38 1
9857 36 1
9857 33 1
9924 36 0
9933 33 0
9991 38 0
10138 36 1
10138 33 1
10138 41 1
10187 36 0
10205 33 0
10223 41 0
10281 36 1
10281 45 1
10285 33 1
10348 36 0
10348 33 0
10410 45 0
10562 41 1
10566 36 1
10566 33 1
10624 36 0
10633 33 0
10669 41 0
10709 36 1
10709 33 1
10714 43 1
10767 36 0
10767 33 0
10821 43 0
11138 36 1
11138 33 1
11138 38 1
11205 36 0
11214 33 0
11374 38 0
11419 41 1
11424 36 1
11424 33 1
11486 36 0
11499 33 0
11504 41 0
11566 36 1
11571 33 1
11629 36 0
11642 33 0
11848 41 1
11852 36 1
11852 33 1
11910 36 0
11919 41 0
11924 33 0
11995 36 1
11995 33 1
11995 45 1
12053 36 0
12066 33 0
12124 45 0
12276 41 1
12281 36 1
12281 33 1
12330 36 0
12348 33 0
12401 41 0
12424 36 1
12424 33 1
12428 43 1
12482 36 0
12482 33 0
12553 43 0
12852 36 1
12852 33 1
12852 41 1
12892 36 0
12919 33 0
12991 41 0
13281 36 1
13281 33 1
13281 38 1
13343 36 0
13348 33 0
13424 38 0
13566 33 1
13566 41 1
13571 36 1
13602 36 0
13633 33 0
13660 41 0
13709 36 1
13714 33 1
13714 45 1
13776 36 0
13776 33 0
13870 45 0
13991 41 1
13995 36 1
13995 33 1
14053 36 0
14075 33 0
14098 41 0
14138 36 1
14138 43 1
14200 36 0
14263 43 0
14566 36 1
14566 33 1
14566 38 1
14624 36 0
14656 33 0
14723 38 0
14852 36 1
14852 33 1
14852 41 1
14906 36 0
14928 33 0
14933 41 0
14995 36 1
14995 33 1
15053 36 0
15066 33 0
15281 36 1
15281 33 1
15281 41 1
15321 36 0
15343 33 0
15357 41 0
15424 36 1
15424 33 1
15424 45 1
15482 36 0
15504 33 0
15571 45 0
15709 33 1
15709 41 1
15772 33 0
15812 41 0
15852 36 1
15852 33 1
15857 43 1
15910 36 0
15919 33 0
15973 43 0
16281 36 1
16281 33 1
16285 41 1
16348 36 0
16370 33 0
16410 41 0
16709 33 1
16709 29 1
16709 38 1
16785 33 0
16803 29 0
16843 38 0
16995 41 1
17080 41 0
17138 36 1
17138 33 1
17142 45 1
17205 36 0
17232 33 0
17294 45 0
17424 41 1
17428 36 1
17428 33 1
17459 36 0
17482 33 0
17535 41 0
17566 36 1
17571 33 1
17571 43 1
17624 36 0
17647 33 0
17696 43 0
17995 33 1
17995 36 1
17995 39 1
18053 33 0
18062 36 0
18102 39 0
18428 36 1
18428 33 1
18499 36 0
18499 33 0
18852 34 1
18852 36 1
18852 45 1
18928 34 0
18928 36 0
18968 45 0
19138 36 1
19138 34 1
19138 41 1
19196 36 0
19196 34 0
19241 41 0
19281 34 1
19281 36 1
19285 43 1
19348 34 0
19357 36 0
19428 43 0
19709 36 1
19709 34 1
19709 41 1
19785 36 0
19794 34 0
19839 41 0
20138 36 1
20138 34 1
20138 38 1
20214 36 0
20232 34 0
20281 38 0
20424 36 1
20424 34 1
20424 41 1
20482 36 0
20499 34 0
20508 41 0
20566 36 1
20571 34 1
20571 45 1
20642 36 0
20642 34 0
20696 45 0
20852 36 1
20852 41 1
20857 34 1
20901 36 0
20919 34 0
20955 41 0
20995 36 1
20995 34 1
20999 43 1
21071 36 0
21071 34 0
21124 43 0
21424 36 1
21424 34 1
21424 38 1
21491 36 0
21504 34 0
21566 38 0
21705 41 1
21812 41 0
21852 31 1
21852 34 1
21852 36 1
21924 31 0
21933 34 0
21973 36 0
22138 41 1
22214 41 0
22281 34 1
22285 36 1
22285 45 1
22352 36 0
22370 34 0
22406 45 0
22566 36 1
22566 41 1
22571 34 1
22624 36 0
22629 34 0
22678 41 0
22709 36 1
22709 43 1
22714 34 1
22776 36 0
22776 34 0
22857 43 0
23138 36 1
23138 34 1
23142 41 1
23214 36 0
23223 34 0
23267 41 0
23566 34 1
23566 36 1
23566 38 1
23642 34 0
23642 36 0
23705 38 0
23852 36 1
23852 34 1
23852 41 1
23897 36 0
23919 34 0
23937 41 0
23995 34 1
23995 36 1
23995 45 1
24071 34 0
24071 36 0
24124 45 0
24276 41 1
24281 36 1
24281 34 1
24334 36 0
24343 34 0
24383 41 0
24428 36 1
24428 34 1
24428 43 1
24491 36 0
24491 34 0
24535 43 0
24852 34 1
24852 36 1
24852 38 1
24915 34 0
24919 36 0
25089 38 0
25133 41 1
25138 34 1
25142 36 1
25178 36 0
25214 34 0
25218 41 0
25281 36 1
25285 34 1
25285 31 1
25312 36 0
25330 34 0
25366 31 0
25562 41 1
25566 34 1
25571 31 1
25624 31 0
25633 41 0
25642 34 0
25709 34 1
25709 36 1
25709 45 1
25799 34 0
25803 36 0
25839 45 0
25991 41 1
25999 34 1
26053 34 0
26116 41 0
26138 36 1
26142 43 1
26196 36 0
26267 43 0
26566 36 1
26566 34 1
26566 41 1
26638 36 0
26665 34 0
26705 41 0
26995 34 1
26995 38 1
26999 36 1
27062 36 0
27080 34 0
27138 38 0
27281 41 1
27285 36 1
27285 34 1
27325 36 0
27330 34 0
27374 41 0
27424 36 1
27428 34 1
27428 45 1
27491 36 0
27491 34 0
27584 45 0
27705 41 1
27714 36 1
27714 34 1
27754 36 0
27808 34 0
27812 41 0
27852 36 1
27852 43 1
27857 34 1
27910 36 0
27910 34 0
27977 43 0
28281 34 1
28281 38 1
28285 36 1
28357 34 0
28357 36 0
28437 38 0
28566 41 1
28571 36 1
28571 34 1
28607 36 0
28624 34 0
28647 41 0
28709 36 1
28714 36 0
28714 36 1
28714 31 1
28776 36 0
28803 31 0
28995 41 1
28999 31 1
29071 41 0
29075 31 0
29138 34 1
29138 45 1
29142 36 1
29205 34 0
29205 36 0
29285 45 0
29424 36 1
29424 41 1
29428 34 1
29477 36 0
29499 34 0
29526 41 0
29566 36 1
29571 43 1
29629 36 0
29687 43 0
29995 36 1
29995 34 1
29999 41 1
30071 36 0
30089 34 0
30124 41 0
30424 31 1
30424 34 1
30424 38 1
30504 31 0
30526 34 0
30558 38 0
30709 41 1
30709 31 1
30709 34 1
30794 41 0
30821 31 0
30852 36 1
30857 45 1
30928 36 0
30946 34 0
31008 45 0
31138 36 1
31138 41 1
31142 34 1
31191 36 0
31223 34 0
31249 41 0
31281 36 1
31285 43 1
31343 36 0
31410 43 0
31709 36 1
31709 34 1
31709 38 1
31781 36 0
31799 34 0
31937 38 0
31995 36 1
31995 34 1
31995 41 1
32026 36 0
32071 34 0
32075 41 0
32138 36 1
32138 31 1
32138 34 1
32196 36 0
32214 31 0
32218 34 0
32424 31 1
32424 41 1
32424 34 1
32486 31 0
32491 41 0
32491 34 0
32566 36 1
32566 45 1
32571 33 1
32642 36 0
32669 33 0
32683 45 0
32852 36 1
32852 33 1
32852 41 1
32906 36 0
32919 33 0
32955 41 0
32995 36 1
32995 33 1
32999 43 1
33062 36 0
33080 33 0
33142 43 0
33424 36 1
33424 33 1
33424 41 1
33491 36 0
33531 33 0
33553 41 0
33852 33 1
33852 29 1
33852 38 1
33946 33 0
33946 29 0
33995 38 0
34138 33 1
34138 41 1
34138 29 1
34214 33 0
34223 41 0
34249 29 0
34285 36 1
34285 33 1
34285 45 1
34361 36 0
34374 33 0
34410 45 0
34566 41 1
34571 36 1
34571 33 1
34620 36 0
34633 33 0
34669 41 0
34709 36 1
34714 33 1
34714 43 1
34776 36 0
34785 33 0
34839 43 0
35138 29 1
35138 33 1
35138 38 1
35196 29 0
35232 33 0
35281 38 0
35419 41 1
35428 33 1
35428 29 1
35495 33 0
35499 29 0
35526 41 0
35566 36 1
35571 29 1
35571 33 1
35642 29 0
35651 33 0
35687 36 0
49714 36 1
49714 34 1
49714 45 1
49781 36 0
49799 34 0
49834 45 0
49995 36 1
49995 41 1
49999 34 1
50053 36 0
50057 34 0
50107 41 0
50138 36 1
50138 43 1
50142 34 1
50205 36 0
50205 34 0
50285 43 0
50566 36 1
50566 34 1
50571 41 1
50642 36 0
50651 34 0
50696 41 0
50995 34 1
50995 36 1
50995 38 1
51071 34 0
51071 36 0
51133 38 0
51281 36 1
51281 34 1
51281 41 1
51325 36 0
51348 34 0
51366 41 0
51424 34 1
51424 36 1
51424 45 1
51499 34 0
51499 36 0
51553 45 0
51705 41 1
51709 36 1
51709 34 1
51763 36 0
51772 34 0
51812 41 0
51857 36 1
51857 34 1
51857 43 1
51919 36 0
51919 34 0
51964 43 0
52281 34 1
52281 36 1
52281 38 1
52343 34 0
52348 36 0
52517 38 0
52562 41 1
52566 34 1
52571 36 1
52607 36 0
52642 34 0
52647 41 0
52709 36 1
52714 34 1
52714 31 1
52741 36 0
52758 34 0
52794 31 0
52991 41 1
52995 34 1
52999 31 1
53053 31 0
53062 41 0
53071 34 0
53138 34 1
53138 36 1
53138 45 1
53227 34 0
53232 36 0
53267 45 0
53419 41 1
53428 34 1
53482 34 0
53544 41 0
53566 36 1
53571 43 1
53624 36 0
53696 43 0
53995 36 1
53995 34 1
53995 41 1
54066 36 0
54093 34 0
54133 41 0
54424 34 1
54424 38 1
54428 36 1
54491 36 0
54508 34 0
54566 38 0
54709 41 1
54714 36 1
54714 34 1
54754 36 0
54758 34 0
54803 41 0
54852 36 1
54857 34 1
54857 45 1
54919 36 0
54919 34 0
55013 45 0
55133 41 1
55142 36 1
55142 34 1
55182 36 0
55236 34 0
55241 41 0
55281 36 1
55281 43 1
55285 34 1
55339 36 0
55339 34 0
55406 43 0
55709 34 1
55709 38 1
55714 36 1
55785 34 0
55785 36 0
55866 38 0
55995 41 1
55999 36 1
55999 34 1
56035 36 0
56053 34 0
56075 41 0
56138 36 1
56142 36 0
56142 36 1
56142 31 1
56205 36 0
56232 31 0
56424 41 1
56428 31 1
56499 41 0
56504 31 0
56566 34 1
56566 45 1
56571 36 1
56633 34 0
56633 36 0
56714 45 0
56852 36 1
56852 41 1
56857 34 1
56906 36 0
56928 34 0
56955 41 0
56995 36 1
56999 43 1
57057 36 0
57116 43 0
57424 36 1
57424 34 1
57428 41 1
57499 36 0
57517 34 0
57553 41 0
57852 31 1
57852 34 1
57852 38 1
57932 31 0
57955 34 0
57986 38 0
58138 41 1
58138 31 1
58138 34 1
58223 41 0
58249 31 0
58281 36 1
58285 45 1
58357 36 0
58374 34 0
58437 45 0
58566 36 1
58566 41 1
58571 34 1
58620 36 0
58651 34 0
58678 41 0
58709 36 1
58714 43 1
58772 36 0
58839 43 0
59138 36 1
59138 34 1
59138 38 1
59209 36 0
59227 34 0
59366 38 0
59424 36 1
59424 34 1
59424 41 1
59455 36 0
59499 34 0
59504 41 0
59566 36 1
59566 31 1
59566 34 1
59624 36 0
59642 31 0
59647 34 0
59852 31 1
59852 41 1
59852 34 1
59915 31 0
59919 41 0
59919 34 0
59995 36 1
59995 45 1
59999 33 1
60071 36 0
60098 33 0
60111 45 0
60281 36 1
60281 33 1
60281 41 1
60334 36 0
60348 33 0
60383 41 0
60424 36 1
60424 33 1
60428 43 1
60491 36 0
60508 33 0
60571 43 0
60852 36 1
60852 33 1
60852 41 1
60919 36 0
60959 33 0
60982 41 0
61281 33 1
61281 29 1
61281 38 1
61374 33 0
61374 29 0
61424 38 0
61566 33 1
61566 41 1
61566 29 1
61642 33 0
61651 41 0
61678 29 0
61714 36 1
61714 33 1
61714 45 1
61790 36 0
61803 33 0
61839 45 0
61995 41 1
61999 36 1
61999 33 1
62049 36 0
62062 33 0
62098 41 0
62138 36 1
62142 33 1
62142 43 1
62205 36 0
62214 33 0
62267 43 0
62566 29 1
62566 33 1
62566 38 1
62624 29 0
62660 33 0
62709 38 0
62848 41 1
62857 33 1
62857 29 1
62924 33 0
62928 29 0
62955 41 0
62995 36 1
62999 29 1
62999 33 1
63071 29 0
63080 33 0
63116 36 0
63428 32 1
63428 29 1
63691 32 0
63705 29 0
63705 27 1
63705 31 1
63848 29 1
63848 25 1
63874 27 0
63892 31 0
63991 29 0
64008 25 0
64276 29 1
64276 25 1
64366 29 0
64366 25 0
64705 25 1
64705 29 1
64812 25 0
64812 29 0
65991 25 1
65991 29 1
66084 25 0
66089 29 0
66419 29 1
66419 25 1
66508 29 0
66513 25 0
66848 33 1
66852 29 1
67133 31 1
67133 28 1
67142 33 0
67160 29 0
67276 29 1
67276 26 1
67339 31 0
67343 28 0
67392 29 0
67424 26 0
67709 29 1
67709 26 1
67799 29 0
67803 26 0
68138 26 1
68138 29 1
68223 26 0
68241 29 0
69419 26 1
69419 29 1
69508 26 0
69517 29 0
69848 26 1
69848 29 1
69932 26 0
69941 29 0
70276 29 1
70281 32 1
70562 32 0
70562 31 1
70566 27 1
70602 29 0
70705 29 1
70705 25 1
70723 31 0
70741 27 0
70839 29 0
70843 25 0
71133 29 1
71138 25 1
71227 25 0
71232 29 0
71566 29 1
71566 25 1
71660 29 0
71669 25 0
72848 25 1
72848 29 1
72924 25 0
72946 29 0
73276 25 1
73281 29 1
73361 29 0
73365 25 0
73705 29 1
73709 33 1
73990 33 0
73990 31 1
73990 28 1
74017 29 0
74133 26 1
74138 29 1
74178 31 0
74196 28 0
74254 29 0
74258 26 0
74562 29 1
74566 26 1
74660 29 0
74660 26 0
74990 26 1
74990 29 1
75089 26 0
75098 29 0
76276 26 1
76276 29 1
76365 26 0
76374 29 0
76705 26 1
76705 29 1
76803 26 0
76812 29 0
77562 28 1
77562 31 1
77651 28 0
77660 31 0
78419 28 1
78419 31 1
78522 28 0
78535 31 0
79276 28 1
79276 31 1
79374 28 0
79383 31 0
80133 28 1
80133 31 1
80232 28 0
80249 31 0
80990 29 1
80990 33 1
81089 29 0
81098 33 0
81848 33 1
81848 29 1
81946 33 0
81946 29 0
82705 29 1
82705 33 1
82807 29 0
82807 33 0
83562 29 1
83562 33 1
83678 29 0
83678 33 0
84419 30 1
84419 26 1
84517 30 0
84544 26 0
85276 30 1
85276 26 1
85361 30 0
85374 26 0
86133 30 1
86133 26 1
86223 30 0
86232 26 0
86990 26 1
86995 30 1
87080 30 0
87084 26 0
87848 35 1
87848 31 1
87973 35 0
87977 31 0
88705 33 1
88705 36 1
88830 33 0
88834 36 0
89566 35 1
89566 38 1
89678 35 0
89696 38 0
104571 36 1
104571 33 1
104571 45 1
104642 36 0
104656 33 0
104691 45 0
104852 36 1
104852 33 1
104852 41 1
104897 36 0
104928 33 0
104964 41 0
104995 36 1
104995 33 1
104995 43 1
105062 36 0
105075 33 0
105142 43 0
105428 36 1
105428 33 1
105428 41 1
105495 36 0
105508 33 0
105553 41 0
105852 38 1
105857 36 1
105857 33 1
105924 36 0
105932 33 0
105990 38 0
106138 36 1
106138 33 1
106138 41 1
106187 36 0
106205 33 0
106223 41 0
106281 36 1
106281 45 1
106285 33 1
106348 36 0
106348 33 0
106410 45 0
106562 41 1
106566 36 1
106566 33 1
106624 36 0
106633 33 0
106669 41 0
106709 36 1
106709 33 1
106714 43 1
106767 36 0
106767 33 0
106821 43 0
107138 36 1
107138 33 1
107138 38 1
107205 36 0
107214 33 0
107374 38 0
107419 41 1
107423 36 1
107423 33 1
107486 36 0
107499 33 0
107504 41 0
107566 36 1
107571 33 1
107629 36 0
107642 33 0
107848 41 1
107852 36 1
107852 33 1
107910 36 0
107919 41 0
107923 33 0
107995 36 1
107995 33 1
107995 45 1
108053 36 0
108066 33 0
108124 45 0
108276 41 1
108281 36 1
108281 33 1
108330 36 0
108348 33 0
108401 41 0
108423 36 1
108423 33 1
108428 43 1
108482 36 0
108482 33 0
108553 43 0
108852 36 1
108852 33 1
108852 41 1
108892 36 0
108919 33 0
108990 41 0
109281 36 1
109281 33 1
109281 38 1
109343 36 0
109348 33 0
109423 38 0
109566 33 1
109566 41 1
109571 36 1
109602 36 0
109633 33 0
109660 41 0
109709 36 1
109714 33 1
109714 45 1
109776 36 0
109776 33 0
109870 45 0
109990 41 1
109995 36 1
109995 33 1
110053 36 0
110075 33 0
110098 41 0
110138 36 1
110138 43 1
110200 36 0
110263 43 0
110566 36 1
110566 33 1
110566 38 1
110624 36 0
110656 33 0
110723 38 0
110852 36 1
110852 33 1
110852 41 1
110906 36 0
110928 33 0
110932 41 0
110995 36 1
110995 33 1
111053 36 0
111066 33 0
111281 36 1
111281 33 1
111281 41 1
111321 36 0
111343 33 0
111357 41 0
111423 36 1
111423 33 1
111423 45 1
111482 36 0
111504 33 0
111571 45 0
111709 33 1
111709 41 1
111772 33 0
111812 41 0
111852 36 1
111852 33 1
111857 43 1
111910 36 0
111919 33 0
111973 43 0
112281 36 1
112281 33 1
112285 41 1
112348 36 0
112370 33 0
112410 41 0
112709 33 1
112709 29 1
112709 38 1
112785 33 0
112803 29 0
112843 38 0
112995 41 1
113080 41 0
113138 36 1
113138 33 1
113142 45 1
113205 36 0
113232 33 0
113294 45 0
113423 41 1
113428 36 1
113428 33 1
113459 36 0
113482 33 0
113535 41 0
113566 36 1
113571 33 1
113571 43 1
113624 36 0
113647 33 0
113696 43 0
113995 33 1
113995 36 1
113995 39 1
114053 33 0
114062 36 0
114102 39 0
114428 36 1
114428 33 1
114499 36 0
114499 33 0
114852 34 1
114852 36 1
114852 45 1
114928 34 0
114928 36 0
114968 45 0
115138 36 1
115138 34 1
115138 41 1
115196 36 0
115196 34 0
115240 41 0
115281 34 1
115281 36 1
115285 43 1
115348 34 0
115357 36 0
115428 43 0
115709 36 1
115709 34 1
115709 41 1
115785 36 0
115794 34 0
115839 41 0
116138 36 1
116138 34 1
116138 38 1
116214 36 0
116232 34 0
116281 38 0
116423 36 1
116423 34 1
116423 41 1
116482 36 0
116499 34 0
116508 41 0
116566 36 1
116571 34 1
116571 45 1
116642 36 0
116642 34 0
116696 45 0
116852 36 1
116852 41 1
116857 34 1
116901 36 0
116919 34 0
116955 41 0
116995 36 1
116995 34 1
116999 43 1
117071 36 0
117071 34 0
117124 43 0
117423 36 1
117423 34 1
117423 38 1
117490 36 0
117504 34 0
117566 38 0
117705 41 1
117812 41 0
117852 31 1
117852 34 1
117852 36 1
117923 31 0
117932 34 0
117973 36 0
118138 41 1
118214 41 0
118281 34 1
118285 36 1
118285 45 1
118352 36 0
118370 34 0
118406 45 0
118566 36 1
118566 41 1
118571 34 1
118624 36 0
118629 34 0
118678 41 0
118709 36 1
118709 43 1
118714 34 1
118776 36 0
118776 34 0
118857 43 0
119138 36 1
119138 34 1
119142 41 1
119214 36 0
119223 34 0
119267 41 0
119566 34 1
119566 36 1
119566 38 1
119642 34 0
119642 36 0
119705 38 0
119852 36 1
119852 34 1
119852 41 1
119897 36 0
119919 34 0
119937 41 0
119995 34 1
119995 36 1
119995 45 1
120071 34 0
120071 36 0
120124 45 0
120276 41 1
120281 36 1
120281 34 1
120334 36 0
120343 34 0
120383 41 0
120428 36 1
120428 34 1
120428 43 1
120490 36 0
120490 34 0
120535 43 0
120852 34 1
120852 36 1
120852 38 1
120915 34 0
120919 36 0
121089 38 0
121133 41 1
121138 34 1
121142 36 1
121178 36 0
121214 34 0
121218 41 0
121281 36 1
121285 34 1
121285 31 1
121312 36 0
121330 34 0
121365 31 0
121562 41 1
121566 34 1
121571 31 1
121624 31 0
121633 41 0
121642 34 0
121709 34 1
121709 36 1
121709 45 1
121798 34 0
121803 36 0
121839 45 0
121990 41 1
121999 34 1
122053 34 0
122115 41 0
122138 36 1
122142 43 1
122196 36 0
122267 43 0
122566 36 1
122566 34 1
122566 41 1
122638 36 0
122665 34 0
122705 41 0
122995 34 1
122995 38 1
122999 36 1
123062 36 0
123080 34 0
123138 38 0
123281 41 1
123285 36 1
123285 34 1
123325 36 0
123330 34 0
123374 41 0
123423 36 1
123428 34 1
123428 45 1
123490 36 0
123490 34 0
123584 45 0
123705 41 1
123714 36 1
123714 34 1
123754 36 0
123807 34 0
123812 41 0
123852 36 1
123852 43 1
123857 34 1
123910 36 0
123910 34 0
123977 43 0
124281 34 1
124281 38 1
124285 36 1
124357 34 0
124357 36 0
124437 38 0
124566 41 1
124571 36 1
124571 34 1
124607 36 0
124624 34 0
124647 41 0
124709 36 1
124714 36 0
124714 36 1
124714 31 1
124776 36 0
124803 31 0
124995 41 1
124999 31 1
125071 41 0
125075 31 0
125138 34 1
125138 45 1
125142 36 1
125205 34 0
125205 36 0
125285 45 0
125423 36 1
125423 41 1
125428 34 1
125477 36 0
125499 34 0
125526 41 0
125566 36 1
125571 43 1
125629 36 0
125687 43 0
125995 36 1
125995 34 1
125999 41 1
126071 36 0
126089 34 0
126124 41 0
126423 31 1
126423 34 1
126423 38 1
126504 31 0
126526 34 0
126557 38 0
126709 41 1
126709 31 1
126709 34 1
126794 41 0
126821 31 0
126852 36 1
126857 45 1
126928 36 0
126946 34 0
127008 45 0
127138 36 1
127138 41 1
127142 34 1
127191 36 0
127223 34 0
127249 41 0
127281 36 1
127285 43 1
127343 36 0
127410 43 0
127709 36 1
127709 34 1
127709 38 1
127781 36 0
127798 34 0
127937 38 0
127995 36 1
127995 34 1
127995 41 1
128026 36 0
128071 34 0
128075 41 0
128138 36 1
128138 31 1
128138 34 1
128196 36 0
128214 31 0
128218 34 0
128423 31 1
128423 41 1
128423 34 1
128486 31 0
128490 41 0
128490 34 0
128566 36 1
128566 45 1
128571 33 1
128642 36 0
128669 33 0
128682 45 0
128852 36 1
128852 33 1
128852 41 1
128906 36 0
128919 33 0
128955 41 0
128995 36 1
128995 33 1
128999 43 1
129062 36 0
129080 33 0
129142 43 0
129423 36 1
129423 33 1
129423 41 1
129490 36 0
129531 33 0
129553 41 0
129852 33 1
129852 29 1
129852 38 1
129946 33 0
129946 29 0
129995 38 0
130138 33 1
130138 41 1
130138 29 1
130214 33 0
130223 41 0
130249 29 0
130285 36 1
130285 33 1
130285 45 1
130361 36 0
130374 33 0
130410 45 0
130566 41 1
130571 36 1
130571 33 1
130620 36 0
130633 33 0
130669 41 0
130709 36 1
130714 33 1
130714 43 1
130776 36 0
130785 33 0
130839 43 0
131138 29 1
131138 33 1
131138 38 1
131196 29 0
131232 33 0
131281 38 0
131419 41 1
131428 33 1
131428 29 1
131495 33 0
131499 29 0
131526 41 0
131566 36 1
131571 29 1
131571 33 1
131642 29 0
131651 33 0
131687 36 0
145714 36 1
145714 34 1
145714 45 1
145781 36 0
145798 34 0
145834 45 0
145995 36 1
145995 41 1
145999 34 1
146053 36 0
146057 34 0
146106 41 0
146138 36 1
146138 43 1
146142 34 1
146205 36 0
146205 34 0
146285 43 0
146566 36 1
146566 34 1
146571 41 1
146642 36 0
146651 34 0
146696 41 0
146995 34 1
146995 36 1
146995 38 1
147071 34 0
147071 36 0
147133 38 0
147281 36 1
147281 34 1
147281 41 1
147325 36 0
147348 34 0
147365 41 0
147423 34 1
147423 36 1
147423 45 1
147499 34 0
147499 36 0
147553 45 0
147705 41 1
147709 36 1
147709 34 1
147763 36 0
147772 34 0
147812 41 0
147856 36 1
147856 34 1
147856 43 1
147919 36 0
147919 34 0
147964 43 0
148281 34 1
148281 36 1
148281 38 1
148343 34 0
148348 36 0
148517 38 0
148562 41 1
148566 34 1
148571 36 1
148606 36 0
148642 34 0
148647 41 0
148709 36 1
148714 34 1
148714 31 1
148740 36 0
148758 34 0
148794 31 0
148990 41 1
148995 34 1
148999 31 1
149053 31 0
149062 41 0
149071 34 0
149138 34 1
149138 36 1
149138 45 1
149227 34 0
149231 36 0
149267 45 0
149419 41 1
149428 34 1
149481 34 0
149544 41 0
149566 36 1
149571 43 1
149624 36 0
149696 43 0
149995 36 1
149995 34 1
149995 41 1
150066 36 0
150093 34 0
150133 41 0
150423 34 1
150423 38 1
150428 36 1
150490 36 0
150508 34 0
150566 38 0
150709 41 1
150714 36 1
150714 34 1
150754 36 0
150758 34 0
150803 41 0
150852 36 1
150856 34 1
150856 45 1
150919 36 0
150919 34 0
151013 45 0
151133 41 1
151142 36 1
151142 34 1
151182 36 0
151236 34 0
151240 41 0
151281 36 1
151281 43 1
151285 34 1
151339 36 0
151339 34 0
151406 43 0
151709 34 1
151709 38 1
151714 36 1
151785 34 0
151785 36 0
151865 38 0
151995 41 1
151999 36 1
151999 34 1
152035 36 0
152053 34 0
152075 41 0
152138 36 1
152142 36 0
152142 36 1
152142 31 1
152205 36 0
152231 31 0
152423 41 1
152428 31 1
152499 41 0
152504 31 0
152566 34 1
152566 45 1
152571 36 1
152633 34 0
152633 36 0
152714 45 0
152852 36 1
152852 41 1
152856 34 1
152906 36 0
152928 34 0
152955 41 0
152995 36 1
152999 43 1
153057 36 0
153115 43 0
153423 36 1
153423 34 1
153428 41 1
153499 36 0
153517 34 0
153553 41 0
153852 31 1
153852 34 1
153852 38 1
153932 31 0
153955 34 0
153986 38 0
154138 41 1
154138 31 1
154138 34 1
154223 41 0
154249 31 0
154281 36 1
154285 45 1
154356 36 0
154374 34 0
154437 45 0
154566 36 1
154566 41 1
154571 34 1
154620 36 0
154651 34 0
154678 41 0
154709 36 1
154714 43 1
154772 36 0
154839 43 0
155138 36 1
155138 34 1
155138 38 1
155209 36 0
155227 34 0
155365 38 0
155423 36 1
155423 34 1
155423 41 1
155455 36 0
155499 34 0
155504 41 0
155566 36 1
155566 31 1
155566 34 1
155624 36 0
155642 31 0
155647 34 0
155852 31 1
155852 41 1
155852 34 1
155915 31 0
155919 41 0
155919 34 0
155999 45 1
156124 45 0
156281 41 1
156379 41 0
156423 43 1
156428 36 1
156428 33 1
156473 36 0
156499 33 0
156544 43 0
156852 36 1
156852 41 1
156852 33 1
156955 36 0
156959 41 0
156964 33 0
157281 36 1
157281 33 1
157281 38 1
157348 36 0
157365 33 0
157401 38 0
157571 36 1
157571 33 1
157571 41 1
157620 36 0
157624 33 0
157660 41 0
157714 36 1
157714 33 1
157714 45 1
157767 36 0
157776 33 0
157856 45 0
157995 36 1
157995 34 1
157995 41 1
158035 36 0
158044 34 0
158106 41 0
158138 36 1
158138 34 1
158142 43 1
158209 36 0
158209 34 0
158245 43 0
158566 41 1
158571 36 1
158571 34 1
158638 36 0
158642 34 0
158678 41 0
158856 34 1
158856 36 1
158856 43 1
158910 34 0
158919 36 0
158955 43 0
158999 36 1
158999 34 1
158999 38 1
159071 36 0
159071 34 0
159133 38 0
159281 36 1
159281 34 1
159285 41 1
159339 36 0
159339 34 0
159374 41 0
159423 36 1
159423 33 1
159428 45 1
159499 36 0
159508 33 0
159571 45 0
159709 36 1
159709 33 1
159709 41 1
159763 36 0
159772 33 0
159821 41 0
159852 36 1
159852 33 1
159852 43 1
159915 36 0
159928 33 0
159946 43 0
160281 36 1
160281 33 1
160281 41 1
160356 36 0
160356 33 0
160374 41 0
160709 36 1
160709 33 1
160714 38 1
160776 36 0
160785 33 0
160825 38 0
160995 36 1
160995 33 1
160999 41 1
161044 36 0
161048 33 0
161106 41 0
161138 36 1
161138 33 1
161142 45 1
161196 36 0
161214 33 0
161303 45 0
161423 34 1
161423 36 1
161423 41 1
161464 34 0
161481 36 0
161535 41 0
161566 34 1
161566 36 1
161566 43 1
161638 34 0
161642 36 0
161669 43 0
161995 34 1
161999 36 1
161999 41 1
162066 34 0
162066 36 0
162115 41 0
162281 36 1
162281 43 1
162285 34 1
162339 36 0
162339 34 0
162401 43 0
162423 36 1
162423 38 1
162428 34 1
162495 36 0
162499 34 0
162598 38 0
162705 41 1
162709 36 1
162709 34 1
162767 36 0
162776 34 0
162785 41 0
162856 36 1
162856 33 1
162856 45 1
162928 36 0
162955 33 0
162968 45 0
164169 36 1
164178 24 1
164245 36 0
164258 24 0
164598 17 1
164606 41 1
164678 41 0
164700 17 0
