8142 24 1
8553 24 0
8571 36 1
9700 36 0
9709 33 1
9857 33 0
9857 31 1
10124 31 0
10142 29 1
10285 26 1
10321 29 0
11276 26 0
11571 24 1
11995 24 0
11999 29 1
12906 29 0
13138 29 1
13285 31 1
13321 29 0
13571 33 1
13607 31 0
13714 36 1
13758 33 0
14589 36 0
14999 24 1
15285 26 1
15312 24 0
15428 29 1
15499 26 0
16540 29 0
16566 31 1
16714 33 1
16776 31 0
17124 33 0
17142 36 1
17991 36 0
17999 33 1
18428 36 1
18473 33 0
18665 36 0
18857 36 1
19964 36 0
19991 33 1
20142 31 1
20187 33 0
20558 31 0
20571 26 1
21428 26 0
21857 24 1
22276 24 0
22290 36 1
23410 36 0
23424 33 1
23575 31 1
23616 33 0
23991 31 0
23999 26 1
25187 26 0
25290 24 1
25714 24 0
25714 36 1
26566 36 0
26571 33 1
27267 33 0
27281 31 1
27419 31 0
27428 26 1
28361 26 0
28714 24 1
29142 24 0
29142 36 1
30281 33 1
30285 36 0
30428 26 1
30450 33 0
30812 26 0
30857 28 1
31857 28 0
31999 33 1
32142 33 0
32142 26 1
32499 26 0
32571 29 1
33714 26 1
33723 29 0
33857 29 1
33874 26 0
34285 29 0
34285 26 1
35321 26 0
35571 24 1
35857 26 1
35879 24 0
35999 29 1
36062 26 0
37124 29 0
37142 31 1
37285 33 1
37339 31 0
37691 33 0
37714 36 1
38674 36 0
38991 24 1
39276 26 1
39307 24 0
39424 29 1
39491 26 0
40566 31 1
40611 29 0
40714 33 1
40767 31 0
41098 33 0
41138 36 1
42428 36 0
43285 29 1
43508 29 0
43571 29 1
43857 29 0
43991 31 1
44138 33 1
44196 31 0
44526 33 0
44562 36 1
45419 33 1
45446 36 0
45852 36 1
45910 33 0
46008 36 0
46276 36 1
47424 33 1
47491 36 0
47566 31 1
47620 33 0
47995 31 0
47999 26 1
48839 26 0
49281 24 1
49714 36 1
49732 24 0
50535 36 0
50566 33 1
51281 31 1
51299 33 0
51424 26 1
51446 31 0
52281 24 1
52294 26 0
52544 24 0
52714 24 1
53133 24 0
53142 36 1
54285 33 1
54348 36 0
54428 31 1
54450 33 0
54857 26 1
54874 31 0
56008 26 0
56138 24 1
56499 24 0
56571 36 1
56758 36 0
56857 36 1
57785 36 0
57852 24 1
58232 24 0
58281 28 1
58455 28 0
58571 28 1
58986 28 0
59004 33 1
59553 33 0
59575 24 1
59991 24 0
59999 29 1
61178 29 0
63432 29 1
64089 29 0
64258 27 1
64651 27 0
64687 25 1
64803 25 0
65120 25 1
65531 25 0
65549 27 1
66374 27 0
66410 29 1
66508 29 0
66839 29 1
67258 26 1
67272 29 0
67678 29 1
67714 26 0
68116 26 1
68124 29 0
69794 26 0
70276 29 1
71120 29 0
71124 27 1
71553 25 1
71580 27 0
71678 25 0
71982 25 1
72410 27 1
72424 25 0
73267 29 1
73299 27 0
73365 29 0
73705 29 1
74133 26 1
74151 29 0
74544 29 1
74589 26 0
74995 26 1
75008 29 0
76749 26 0
77571 36 1
77982 33 1
78026 36 0
78419 31 1
78455 33 0
78544 31 0
78839 31 1
79267 33 1
79294 31 0
80120 36 1
80160 33 0
80249 36 0
80553 38 1
80968 33 1
81008 38 0
81142 33 0
81397 33 1
81526 33 0
81839 33 1
83714 33 0
83986 38 1
84821 38 0
84830 35 1
85276 35 0
85285 33 1
85473 33 0
85678 33 1
86124 35 1
86147 33 0
86950 35 0
86950 36 1
87401 36 0
87410 38 1
87843 31 1
87848 38 0
88062 31 0
88267 31 1
88424 31 0
88714 31 1
90504 31 0
90861 34 1
91709 34 0
91718 32 1
92133 30 1
92160 32 0
92294 30 0
92553 30 1
92973 32 1
92999 30 0
93812 32 0
93857 34 1
94053 34 0
94258 34 1
94696 34 0
94709 29 1
94919 29 0
95124 29 1
95281 29 0
95562 29 1
96924 29 0
97285 29 1
97464 29 0
97714 29 1
98557 29 0
98571 27 1
98999 27 0
99008 25 1
99133 25 0
99419 25 1
99848 27 1
99879 25 0
100696 29 1
100740 27 0
101071 29 0
101133 32 1
101544 29 1
101553 32 0
101973 32 1
101990 29 0
102428 36 1
102437 32 0
103883 36 0
104142 24 1
104562 24 0
104571 36 1
105700 36 0
105709 33 1
105857 31 1
105910 33 0
106142 29 1
106160 31 0
106285 26 1
106321 29 0
107276 26 0
107571 24 1
107999 24 0
107999 29 1
108906 29 0
109138 29 1
109285 31 1
109321 29 0
109571 33 1
109607 31 0
109714 36 1
109758 33 0
110589 36 0
110999 24 1
111285 26 1
111312 24 0
111428 29 1
111499 26 0
112540 29 0
112566 31 1
112714 33 1
112776 31 0
113124 33 0
113142 36 1
113990 36 0
113999 33 1
114428 36 1
114473 33 0
114665 36 0
114857 36 1
115964 36 0
115990 33 1
116142 31 1
116187 33 0
116557 31 0
116571 26 1
117428 26 0
117857 24 1
118276 24 0
118285 36 1
119410 36 0
119423 33 1
119566 33 0
119575 31 1
119973 31 0
119999 26 1
121187 26 0
121285 24 1
121705 24 0
121714 36 1
122566 36 0
122571 33 1
123276 33 0
123281 31 1
123428 31 0
123428 26 1
124361 26 0
124714 24 1
125133 24 0
125142 36 1
126223 36 0
126281 33 1
126428 26 1
126450 33 0
126812 26 0
126857 28 1
127857 28 0
127999 33 1
128142 33 0
128142 26 1
128499 26 0
128575 29 1
129687 29 0
129714 26 1
129857 29 1
129874 26 0
130285 29 0
130285 26 1
131321 26 0
131571 24 1
131857 26 1
131879 24 0
131999 29 1
132062 26 0
133124 29 0
133142 31 1
133285 33 1
133339 31 0
133691 33 0
133714 36 1
134673 36 0
134990 24 1
135276 26 1
135307 24 0
135423 29 1
135490 26 0
136566 31 1
136611 29 0
136714 33 1
136767 31 0
137098 33 0
137138 36 1
138428 36 0
139285 29 1
139508 29 0
139571 29 1
139857 29 0
139990 31 1
140138 33 1
140196 31 0
140526 33 0
140562 36 1
141419 33 1
141446 36 0
141852 36 1
141910 33 0
142008 36 0
142276 36 1
143423 33 1
143490 36 0
143566 31 1
143620 33 0
143995 31 0
143999 26 1
144839 26 0
145281 24 1
145714 36 1
145731 24 0
146535 36 0
146566 33 1
147281 31 1
147298 33 0
147423 26 1
147446 31 0
148281 24 1
148294 26 0
148544 24 0
148714 24 1
149133 24 0
149142 36 1
150285 33 1
150348 36 0
150428 31 1
150450 33 0
150856 26 1
150874 31 0
152008 26 0
152138 24 1
152499 24 0
152571 36 1
152758 36 0
152856 36 1
153785 36 0
153852 24 1
154231 24 0
154281 28 1
154455 28 0
154571 28 1
154999 28 0
155004 33 1
155571 33 0
155571 24 1
155999 24 0
156004 29 1
157178 29 0
